Scan	  Chan 1	

1	0.4245	
2	-0.323181	
3	0.265198	
4	-0.1651	
5	-0.408325	
6	0.423279	
7	-0.31311	
8	0.252075	
9	-0.166626	
10	-0.411072	
11	0.411682	
12	-0.310669	
13	0.265503	
14	-0.162659	
15	-0.413208	
16	0.426941	
17	-0.303345	
18	0.276489	
19	-0.166931	
20	-0.41687	
21	0.410156	
22	-0.325928	
23	0.279846	
24	-0.157776	
25	-0.406189	
26	0.414429	
27	-0.318909	
28	0.240173	
29	-0.172424	
30	-0.415649	
31	0.423279	
32	-0.32135	
33	0.280762	
34	-0.155029	
35	-0.41687	
36	0.402832	
37	-0.300598	
38	0.270081	
39	-0.162659	
40	-0.415344	
41	0.429993	
42	-0.314331	
43	0.270996	
44	-0.168762	
45	-0.416565	
46	0.409851	
47	-0.326538	
48	0.26001	
49	-0.166016	
50	-0.410156	
51	0.420837	
52	-0.331726	
53	0.266113	
54	-0.162354	
55	-0.418396	
56	0.419617	
57	-0.325623	
58	0.280151	
59	-0.159302	
60	-0.414429	
61	0.407104	
62	-0.336609	
63	0.274048	
64	-0.160217	
65	-0.411072	
66	0.419006	
67	-0.328674	
68	0.233154	
69	-0.17395	
70	-0.414429	
71	0.423584	
72	-0.315857	
73	0.281372	
74	-0.153503	
75	-0.41626	
76	0.407104	
77	-0.318604	
78	0.267944	
79	-0.160217	
80	-0.422974	
81	0.426941	
82	-0.300598	
83	0.278625	
84	-0.164185	
85	-0.415955	
86	0.394897	
87	-0.329895	
88	0.239868	
89	-0.166626	
90	-0.408325	
91	0.423889	
92	-0.32074	
93	0.264282	
94	-0.16571	
95	-0.424194	
96	0.415344	
97	-0.320129	
98	0.283203	
99	-0.156555	
100	-0.422058	
101	0.412903	
102	-0.314026	
103	0.266113	
104	-0.166931	
105	-0.417175	
106	0.427856	
107	-0.327148	
108	0.251465	
109	-0.172424	
110	-0.410461	
111	0.414734	
112	-0.318298	
113	0.277405	
114	-0.15564	
115	-0.419006	
116	0.412903	
117	-0.306702	
118	0.266113	
119	-0.153809	
120	-0.419006	
121	0.427551	
122	-0.327759	
123	0.282898	
124	-0.158691	
125	-0.414124	
126	0.394592	
127	-0.318909	
128	0.239258	
129	-0.169067	
130	-0.414124	
131	0.431213	
132	-0.310974	
133	0.272217	
134	-0.163879	
135	-0.422363	
136	0.404663	
137	-0.314941	
138	0.282593	
139	-0.14801	
140	-0.414124	
141	0.421753	
142	-0.334473	
143	0.265198	
144	-0.168152	
145	-0.418701	
146	0.421753	
147	-0.307617	
148	0.244751	
149	-0.16449	
150	-0.408936	
151	0.414124	
152	-0.324097	
153	0.265808	
154	-0.160828	
155	-0.418396	
156	0.419922	
157	-0.317688	
158	0.26947	
159	-0.159302	
160	-0.41748	
161	0.418701	
162	-0.318909	
163	0.282288	
164	-0.160217	
165	-0.413208	
166	0.404358	
167	-0.315247	
168	0.237122	
169	-0.173035	
170	-0.41687	
171	0.426025	
172	-0.305176	
173	0.278625	
174	-0.161438	
175	-0.424805	
176	0.404968	
177	-0.309753	
178	0.2771	
179	-0.143433	
180	-0.413208	
181	0.402832	
182	-0.323181	
183	0.266418	
184	-0.169373	
185	-0.422058	
186	0.407104	
187	-0.302124	
188	0.26001	
189	-0.162964	
190	-0.420227	
191	0.404968	
192	-0.325623	
193	0.262451	
194	-0.1651	
195	-0.429993	
196	0.430908	
197	-0.324402	
198	0.282288	
199	-0.147095	
200	-0.417175	
201	0.393677	
202	-0.328674	
203	0.276794	
204	-0.161743	
205	-0.41748	
206	0.41626	
207	-0.315552	
208	0.240479	
209	-0.171509	
210	-0.422058	
211	0.411377	
212	-0.323181	
213	0.281067	
214	-0.159912	
215	-0.419922	
216	0.40741	
217	-0.321655	
218	0.268555	
219	-0.146484	
220	-0.421753	
221	0.410767	
222	-0.324402	
223	0.276794	
224	-0.167847	
225	-0.421448	
226	0.403442	
227	-0.319519	
228	0.260925	
229	-0.162048	
230	-0.414124	
231	0.424805	
232	-0.329895	
233	0.263977	
234	-0.168762	
235	-0.422668	
236	0.427551	
237	-0.310974	
238	0.280762	
239	-0.139771	
240	-0.420227	
241	0.394287	
242	-0.336609	
243	0.265503	
244	-0.1651	
245	-0.419617	
246	0.419617	
247	-0.317993	
248	0.25238	
249	-0.168152	
250	-0.422058	
251	0.404968	
252	-0.331116	
253	0.283203	
254	-0.161133	
255	-0.417175	
256	0.421753	
257	-0.314941	
258	0.262451	
259	-0.148621	
260	-0.419617	
261	0.418396	
262	-0.325928	
263	0.281067	
264	-0.165405	
265	-0.41626	
266	0.408936	
267	-0.320435	
268	0.255737	
269	-0.162354	
270	-0.41626	
271	0.416565	
272	-0.299988	
273	0.269775	
274	-0.169678	
275	-0.424805	
276	0.418396	
277	-0.308838	
278	0.279236	
279	-0.142517	
280	-0.418701	
281	0.400391	
282	-0.330505	
283	0.266418	
284	-0.170898	
285	-0.423279	
286	0.426941	
287	-0.318604	
288	0.270081	
289	-0.1651	
290	-0.417175	
291	0.410461	
292	-0.32135	
293	0.276489	
294	-0.163879	
295	-0.415649	
296	0.426636	
297	-0.314026	
298	0.26062	
299	-0.150757	
300	-0.423279	
301	0.406799	
302	-0.313721	
303	0.283508	
304	-0.163879	
305	-0.413513	
306	0.410156	
307	-0.31311	
308	0.258179	
309	-0.166016	
310	-0.426331	
311	0.429382	
312	-0.307617	
313	0.280151	
314	-0.167236	
315	-0.420837	
316	0.414734	
317	-0.32074	
318	0.276794	
319	-0.137939	
320	-0.414734	
321	0.410767	
322	-0.319214	
323	0.266724	
324	-0.171509	
325	-0.422363	
326	0.422974	
327	-0.318604	
328	0.270386	
329	-0.160522	
330	-0.41687	
331	0.411682	
332	-0.296326	
333	0.26886	
334	-0.166626	
335	-0.423889	
336	0.431519	
337	-0.304871	
338	0.267334	
339	-0.142822	
340	-0.422363	
341	0.406799	
342	-0.322266	
343	0.283203	
344	-0.164185	
345	-0.418701	
346	0.422058	
347	-0.323792	
348	0.257568	
349	-0.169678	
350	-0.422668	
351	0.430603	
352	-0.296936	
353	0.283813	
354	-0.163574	
355	-0.420227	
356	0.413208	
357	-0.314331	
358	0.26062	
359	-0.133972	
360	-0.420532	
361	0.419922	
362	-0.307922	
363	0.272217	
364	-0.170288	
365	-0.422974	
366	0.412292	
367	-0.322876	
368	0.275574	
369	-0.159302	
370	-0.415955	
371	0.421448	
372	-0.296936	
373	0.269775	
374	-0.170593	
375	-0.420837	
376	0.427551	
377	-0.308838	
378	0.26825	
379	-0.141296	
380	-0.419922	
381	0.399475	
382	-0.314636	
383	0.275269	
384	-0.164185	
385	-0.419922	
386	0.426331	
387	-0.32074	
388	0.257568	
389	-0.166321	
390	-0.426025	
391	0.417175	
392	-0.309448	
393	0.28595	
394	-0.161743	
395	-0.41687	
396	0.41626	
397	-0.319519	
398	0.253601	
399	-0.152588	
400	-0.420532	
401	0.422058	
402	-0.309448	
403	0.274048	
404	-0.168152	
405	-0.422058	
406	0.410767	
407	-0.326538	
408	0.271301	
409	-0.160522	
410	-0.429077	
411	0.429993	
412	-0.299072	
413	0.267944	
414	-0.169067	
415	-0.423889	
416	0.420837	
417	-0.310364	
418	0.274353	
419	-0.149841	
420	-0.419617	
421	0.403137	
422	-0.326538	
423	0.25177	
424	-0.167236	
425	-0.423889	
426	0.427551	
427	-0.316162	
428	0.269165	
429	-0.166016	
430	-0.423889	
431	0.414429	
432	-0.308838	
433	0.281677	
434	-0.162048	
435	-0.418396	
436	0.427551	
437	-0.326843	
438	0.256042	
439	-0.156555	
440	-0.426331	
441	0.424805	
442	-0.314636	
443	0.265503	
444	-0.163574	
445	-0.422058	
446	0.409851	
447	-0.324402	
448	0.260925	
449	-0.161743	
450	-0.420227	
451	0.430908	
452	-0.312805	
453	0.276489	
454	-0.168457	
455	-0.424194	
456	0.418091	
457	-0.322571	
458	0.275574	
459	-0.14801	
460	-0.418701	
461	0.419312	
462	-0.318909	
463	0.246582	
464	-0.169373	
465	-0.423889	
466	0.429382	
467	-0.313416	
468	0.272827	
469	-0.159302	
470	-0.421448	
471	0.411377	
472	-0.313721	
473	0.270691	
474	-0.162354	
475	-0.420837	
476	0.427856	
477	-0.300293	
478	0.258484	
479	-0.155945	
480	-0.425415	
481	0.41626	
482	-0.318298	
483	0.267944	
484	-0.161133	
485	-0.420532	
486	0.420532	
487	-0.326233	
488	0.258789	
489	-0.164795	
490	-0.42511	
491	0.432434	
492	-0.299072	
493	0.281372	
494	-0.162964	
495	-0.423889	
496	0.40741	
497	-0.329285	
498	0.264282	
499	-0.154419	
500	-0.427246	
501	0.429077	
502	-0.30365	
503	0.237122	
504	-0.169983	
505	-0.424805	
506	0.423584	
507	-0.315552	
508	0.279541	
509	-0.152283	
510	-0.418396	
511	0.418396	
512	-0.319519	
513	0.267029	
514	-0.16449	
515	-0.422668	
516	0.42511	
517	-0.326843	
518	0.273132	
519	-0.157776	
520	-0.422668	
521	0.411377	
522	-0.327148	
523	0.253601	
524	-0.162659	
525	-0.418396	
526	0.428467	
527	-0.326538	
528	0.263062	
529	-0.162964	
530	-0.426636	
531	0.420837	
532	-0.320435	
533	0.281372	
534	-0.15686	
535	-0.422058	
536	0.410461	
537	-0.323792	
538	0.263672	
539	-0.160522	
540	-0.420227	
541	0.422058	
542	-0.301514	
543	0.249634	
544	-0.169067	
545	-0.424805	
546	0.416565	
547	-0.309143	
548	0.278931	
549	-0.153503	
550	-0.409851	
551	0.415955	
552	-0.310974	
553	0.265198	
554	-0.162659	
555	-0.42511	
556	0.429993	
557	-0.316467	
558	0.280762	
559	-0.155334	
560	-0.422668	
561	0.404358	
562	-0.325623	
563	0.247803	
564	-0.166016	
565	-0.420837	
566	0.430298	
567	-0.296936	
568	0.271301	
569	-0.160828	
570	-0.423889	
571	0.403137	
572	-0.320129	
573	0.280762	
574	-0.15564	
575	-0.420837	
576	0.420837	
577	-0.312195	
578	0.263672	
579	-0.167236	
580	-0.421753	
581	0.431519	
582	-0.315552	
583	0.238037	
584	-0.165405	
585	-0.424194	
586	0.415344	
587	-0.324707	
588	0.267334	
589	-0.155945	
590	-0.426941	
591	0.419006	
592	-0.311279	
593	0.266418	
594	-0.160217	
595	-0.424805	
596	0.413513	
597	-0.322571	
598	0.281982	
599	-0.158081	
600	-0.419006	
601	0.407715	
602	-0.331116	
603	0.223999	
604	-0.169373	
605	-0.422668	
606	0.430908	
607	-0.310364	
608	0.279541	
609	-0.159302	
610	-0.422668	
611	0.403748	
612	-0.334778	
613	0.273438	
614	-0.15564	
615	-0.417175	
616	0.424805	
617	-0.323792	
618	0.266113	
619	-0.16449	
620	-0.434265	
621	0.406799	
622	-0.313416	
623	0.248718	
624	-0.164185	
625	-0.41626	
626	0.416565	
627	-0.328064	
628	0.265198	
629	-0.163879	
630	-0.426941	
631	0.426331	
632	-0.317078	
633	0.278625	
634	-0.155334	
635	-0.418091	
636	0.415039	
637	-0.325012	
638	0.275269	
639	-0.159607	
640	-0.418091	
641	0.41748	
642	-0.311584	
643	0.232239	
644	-0.170593	
645	-0.420532	
646	0.429993	
647	-0.323486	
648	0.280151	
649	-0.154419	
650	-0.420227	
651	0.407104	
652	-0.320435	
653	0.26825	
654	-0.155029	
655	-0.418396	
656	0.431824	
657	-0.313721	
658	0.276489	
659	-0.168762	
660	-0.423279	
661	0.405579	
662	-0.309143	
663	0.243225	
664	-0.161133	
665	-0.408325	
666	0.426941	
667	-0.322266	
668	0.264587	
669	-0.162048	
670	-0.426331	
671	0.419006	
672	-0.317383	
673	0.282898	
674	-0.143433	
675	-0.428772	
676	0.415955	
677	-0.32074	
678	0.267334	
679	-0.162048	
680	-0.419617	
681	0.420532	
682	-0.312195	
683	0.238342	
684	-0.169373	
685	-0.421753	
686	0.41626	
687	-0.32074	
688	0.279541	
689	-0.153198	
690	-0.41748	
691	0.411377	
692	-0.316467	
693	0.270081	
694	-0.144958	
695	-0.422058	
696	0.411377	
697	-0.322876	
698	0.279236	
699	-0.163574	
700	-0.420532	
701	0.405273	
702	-0.312805	
703	0.250854	
704	-0.16449	
705	-0.415649	
706	0.42511	
707	-0.323181	
708	0.264282	
709	-0.164795	
710	-0.424194	
711	0.414734	
712	-0.311279	
713	0.285034	
714	-0.138855	
715	-0.418396	
716	0.392761	
717	-0.328979	
718	0.265808	
719	-0.168152	
720	-0.422974	
721	0.423584	
722	-0.297546	
723	0.254211	
724	-0.168762	
725	-0.422363	
726	0.414429	
727	-0.323181	
728	0.274048	
729	-0.157166	
730	-0.41748	
731	0.427856	
732	-0.315857	
733	0.269165	
734	-0.138855	
735	-0.4245	
736	0.406799	
737	-0.317993	
738	0.282288	
739	-0.160522	
740	-0.421448	
741	0.405273	
742	-0.316162	
743	0.251465	
744	-0.166931	
745	-0.420532	
746	0.437012	
747	-0.324402	
748	0.276794	
749	-0.16449	
750	-0.424805	
751	0.417786	
752	-0.317993	
753	0.279846	
754	-0.138245	
755	-0.417175	
756	0.409546	
757	-0.31311	
758	0.264587	
759	-0.168457	
760	-0.423279	
761	0.419006	
762	-0.309143	
763	0.267334	
764	-0.163879	
765	-0.423889	
766	0.414124	
767	-0.331116	
768	0.265198	
769	-0.164185	
770	-0.419922	
771	0.432739	
772	-0.318298	
773	0.26886	
774	-0.145264	
775	-0.433655	
776	0.406189	
777	-0.322876	
778	0.280762	
779	-0.159912	
780	-0.416565	
781	0.415955	
782	-0.311584	
783	0.25177	
784	-0.166321	
785	-0.426025	
786	0.419922	
787	-0.318909	
788	0.280151	
789	-0.162659	
790	-0.426941	
791	0.414124	
792	-0.318298	
793	0.263672	
794	-0.137024	
795	-0.421143	
796	0.41626	
797	-0.319824	
798	0.26886	
799	-0.169373	
800	-0.4245	
801	0.412292	
802	-0.292358	
803	0.268555	
804	-0.162659	
805	-0.419617	
806	0.419006	
807	-0.310974	
808	0.265503	
809	-0.168152	
810	-0.424805	
811	0.433655	
812	-0.310669	
813	0.2771	
814	-0.144958	
815	-0.421753	
816	0.400696	
817	-0.310669	
818	0.270996	
819	-0.162659	
820	-0.415344	
821	0.424194	
822	-0.309753	
823	0.255432	
824	-0.166321	
825	-0.428467	
826	0.418396	
827	-0.301208	
828	0.284119	
829	-0.160217	
830	-0.424805	
831	0.416565	
832	-0.32135	
833	0.263062	
834	-0.142822	
835	-0.422363	
836	0.420837	
837	-0.314331	
838	0.278931	
839	-0.168152	
840	-0.426636	
841	0.410767	
842	-0.327454	
843	0.266724	
844	-0.158691	
845	-0.422363	
846	0.426941	
847	-0.294495	
848	0.265503	
849	-0.170593	
850	-0.427551	
851	0.426025	
852	-0.318909	
853	0.270386	
854	-0.134277	
855	-0.421448	
856	0.402222	
857	-0.321655	
858	0.267334	
859	-0.166321	
860	-0.423889	
861	0.42572	
862	-0.324707	
863	0.265503	
864	-0.165405	
865	-0.423889	
866	0.414124	
867	-0.309143	
868	0.282898	
869	-0.161743	
870	-0.418091	
871	0.42572	
872	-0.323486	
873	0.255737	
874	-0.146484	
875	-0.428467	
876	0.415344	
877	-0.319519	
878	0.282898	
879	-0.162659	
880	-0.421143	
881	0.409241	
882	-0.333252	
883	0.257263	
884	-0.159912	
885	-0.4245	
886	0.437622	
887	-0.290222	
888	0.274353	
889	-0.168152	
890	-0.4245	
891	0.417786	
892	-0.320129	
893	0.269165	
894	-0.140076	
895	-0.418396	
896	0.419006	
897	-0.310974	
898	0.26825	
899	-0.169373	
900	-0.428162	
901	0.429382	
902	-0.322266	
903	0.272522	
904	-0.162964	
905	-0.4245	
906	0.410767	
907	-0.306702	
908	0.273438	
909	-0.162659	
910	-0.416565	
911	0.42572	
912	-0.32074	
913	0.254517	
914	-0.145264	
915	-0.429382	
916	0.40863	
917	-0.310974	
918	0.277405	
919	-0.162964	
920	-0.416565	
921	0.420227	
922	-0.319214	
923	0.26123	
924	-0.1651	
925	-0.420532	
926	0.431824	
927	-0.297852	
928	0.282898	
929	-0.166321	
930	-0.422058	
931	0.409241	
932	-0.322876	
933	0.266724	
934	-0.147095	
935	-0.422363	
936	0.424194	
937	-0.314026	
938	0.252991	
939	-0.169983	
940	-0.42511	
941	0.420532	
942	-0.32135	
943	0.276794	
944	-0.158081	
945	-0.414124	
946	0.41748	
947	-0.312195	
948	0.270691	
949	-0.166931	
950	-0.419617	
951	0.429993	
952	-0.326843	
953	0.268555	
954	-0.153198	
955	-0.417786	
956	0.407104	
957	-0.323792	
958	0.265198	
959	-0.161438	
960	-0.415649	
961	0.422974	
962	-0.32196	
963	0.258789	
964	-0.168152	
965	-0.426025	
966	0.423584	
967	-0.310669	
968	0.287476	
969	-0.161743	
970	-0.41748	
971	0.410156	
972	-0.327148	
973	0.258484	
974	-0.148621	
975	-0.409851	
976	0.426636	
977	-0.320435	
978	0.258179	
979	-0.170593	
980	-0.423279	
981	0.409241	
982	-0.324097	
983	0.279236	
984	-0.160522	
985	-0.413818	
986	0.42511	
987	-0.318298	
988	0.26947	
989	-0.171204	
990	-0.425415	
991	0.426636	
992	-0.317383	
993	0.275574	
994	-0.155029	
995	-0.414124	
996	0.409851	
997	-0.325012	
998	0.240173	
999	-0.166626	
1000	-0.413208	
