Scan	  Chan 1	

1	-0.334473	
2	0.304565	
3	-0.180664	
4	-0.118103	
5	0.430298	
6	-0.33905	
7	0.283508	
8	-0.187683	
9	-0.126648	
10	0.430908	
11	-0.325623	
12	0.302124	
13	-0.183105	
14	-0.134277	
15	0.41748	
16	-0.3302	
17	0.293579	
18	-0.18158	
19	-0.130615	
20	0.430298	
21	-0.33783	
22	0.288391	
23	-0.186157	
24	-0.147095	
25	0.416565	
26	-0.323792	
27	0.302429	
28	-0.180054	
29	-0.138855	
30	0.41626	
31	-0.325928	
32	0.28656	
33	-0.185242	
34	-0.140381	
35	0.431824	
36	-0.337219	
37	0.298462	
38	-0.184021	
39	-0.152893	
40	0.419922	
41	-0.335999	
42	0.299683	
43	-0.178223	
44	-0.155334	
45	0.426636	
46	-0.335388	
47	0.285034	
48	-0.184021	
49	-0.171509	
50	0.422363	
51	-0.317383	
52	0.301514	
53	-0.178528	
54	-0.166626	
55	0.416565	
56	-0.336304	
57	0.28595	
58	-0.180969	
59	-0.162354	
60	0.438843	
61	-0.332031	
62	0.294189	
63	-0.183411	
64	-0.174255	
65	0.415039	
66	-0.339661	
67	0.299988	
68	-0.174561	
69	-0.165405	
70	0.421753	
71	-0.339966	
72	0.284119	
73	-0.185242	
74	-0.178528	
75	0.430908	
76	-0.328064	
77	0.297852	
78	-0.177917	
79	-0.184326	
80	0.415344	
81	-0.340881	
82	0.289307	
83	-0.177612	
84	-0.183411	
85	0.423279	
86	-0.334473	
87	0.285034	
88	-0.182495	
89	-0.191956	
90	0.417175	
91	-0.334778	
92	0.299072	
93	-0.175171	
94	-0.189209	
95	0.411072	
96	-0.332947	
97	0.282898	
98	-0.18158	
99	-0.191956	
100	0.431213	
101	-0.336914	
102	0.295715	
103	-0.180969	
104	-0.2005	
105	0.416565	
106	-0.339355	
107	0.2948	
108	-0.174866	
109	-0.198669	
110	0.427551	
111	-0.326843	
112	0.279846	
113	-0.181885	
114	-0.209656	
115	0.422668	
116	-0.332031	
117	0.296631	
118	-0.17395	
119	-0.206909	
120	0.411072	
121	-0.343628	
122	0.282898	
123	-0.177917	
124	-0.204773	
125	0.426025	
126	-0.332336	
127	0.289917	
128	-0.179138	
129	-0.21698	
130	0.417175	
131	-0.322571	
132	0.297241	
133	-0.172119	
134	-0.209045	
135	0.431519	
136	-0.337524	
137	0.279236	
138	-0.180969	
139	-0.222473	
140	0.431213	
141	-0.32135	
142	0.295105	
143	-0.174561	
144	-0.224304	
145	0.413208	
146	-0.331116	
147	0.285645	
148	-0.17395	
149	-0.223694	
150	0.427551	
151	-0.328979	
152	0.279846	
153	-0.178528	
154	-0.234985	
155	0.420532	
156	-0.333557	
157	0.295715	
158	-0.172119	
159	-0.232849	
160	0.421448	
161	-0.336304	
162	0.279846	
163	-0.178833	
164	-0.240479	
165	0.431213	
166	-0.327759	
167	0.294189	
168	-0.176697	
169	-0.250244	
170	0.412903	
171	-0.329285	
172	0.289307	
173	-0.172424	
174	-0.24292	
175	0.423889	
176	-0.328979	
177	0.276794	
178	-0.179443	
179	-0.256958	
180	0.420532	
181	-0.331116	
182	0.294189	
183	-0.169983	
184	-0.259094	
185	0.413513	
186	-0.332031	
187	0.279541	
188	-0.176392	
189	-0.262146	
190	0.429993	
191	-0.321655	
192	0.288391	
193	-0.175476	
194	-0.274048	
195	0.414734	
196	-0.332336	
197	0.292053	
198	-0.171204	
199	-0.273743	
200	0.426025	
201	-0.319824	
202	0.276489	
203	-0.177612	
204	-0.288086	
205	0.428467	
206	-0.325012	
207	0.292664	
208	-0.170593	
209	-0.295105	
210	0.410461	
211	-0.329895	
212	0.281067	
213	-0.170593	
214	-0.294189	
215	0.426331	
216	-0.324097	
217	0.280151	
218	-0.176697	
219	-0.309448	
220	0.421753	
221	-0.328369	
222	0.292358	
223	-0.167847	
224	-0.310974	
225	0.420532	
226	-0.330811	
227	0.275574	
228	-0.175171	
229	-0.3302	
230	0.430603	
231	-0.322266	
232	0.290527	
233	-0.172424	
234	-0.337219	
235	0.414734	
236	-0.326843	
237	0.281982	
238	-0.166931	
239	-0.336609	
240	0.429993	
241	-0.327148	
242	0.274963	
243	-0.175171	
244	-0.349121	
245	0.42511	
246	-0.324707	
247	0.292053	
248	-0.16571	
249	-0.348816	
250	0.415649	
251	-0.339661	
252	0.274048	
253	-0.170593	
254	-0.362244	
255	0.437317	
256	-0.329895	
257	0.282898	
258	-0.171509	
259	-0.369263	
260	0.413818	
261	-0.323486	
262	0.287781	
263	-0.16571	
264	-0.370483	
265	0.432434	
266	-0.32074	
267	0.272217	
268	-0.17334	
269	-0.383606	
270	0.43335	
271	-0.319214	
272	0.289307	
273	-0.165405	
274	-0.388794	
275	0.419006	
276	-0.336609	
277	0.275879	
278	-0.166931	
279	-0.391541	
280	0.43457	
281	-0.319214	
282	0.2771	
283	-0.171204	
284	-0.401001	
285	0.4245	
286	-0.32196	
287	0.289307	
288	-0.162659	
289	-0.400391	
290	0.426941	
291	-0.328674	
292	0.271606	
293	-0.170898	
294	-0.404663	
295	0.435181	
296	-0.316162	
297	0.286255	
298	-0.164795	
299	-0.410461	
300	0.415955	
301	-0.317383	
302	0.281982	
303	-0.1651	
304	-0.408325	
305	0.429993	
306	-0.320435	
307	0.272522	
308	-0.169678	
309	-0.419617	
310	0.421753	
311	-0.308533	
312	0.289917	
313	-0.161133	
314	-0.413818	
315	0.411072	
316	-0.327454	
317	0.270996	
318	-0.166626	
319	-0.419006	
320	0.431519	
321	-0.304871	
322	0.281982	
323	-0.166016	
324	-0.420227	
325	0.412292	
326	-0.316467	
327	0.284119	
328	-0.160522	
329	-0.415649	
330	0.427246	
331	-0.316162	
332	0.270081	
333	-0.168457	
334	-0.422974	
335	0.422668	
336	-0.317078	
337	0.285034	
338	-0.158386	
339	-0.421753	
340	0.412903	
341	-0.332031	
342	0.269775	
343	-0.162964	
344	-0.421143	
345	0.427246	
346	-0.314636	
347	0.274658	
348	-0.166016	
349	-0.4245	
350	0.409241	
351	-0.312805	
352	0.285034	
353	-0.158691	
354	-0.418091	
355	0.418091	
356	-0.319824	
357	0.269165	
358	-0.166321	
359	-0.423279	
360	0.428162	
361	-0.312195	
362	0.281372	
363	-0.160217	
364	-0.421753	
365	0.405273	
366	-0.318298	
367	0.274353	
368	-0.160522	
369	-0.419617	
370	0.423279	
371	-0.309143	
372	0.267944	
373	-0.16571	
374	-0.424805	
375	0.409241	
376	-0.310059	
377	0.283508	
378	-0.157471	
379	-0.420837	
380	0.404358	
381	-0.315857	
382	0.266113	
383	-0.160828	
384	-0.419617	
385	0.416565	
386	-0.311584	
387	0.278015	
388	-0.161743	
389	-0.419006	
390	0.401611	
391	-0.313721	
392	0.278931	
393	-0.157776	
394	-0.415344	
395	0.414734	
396	-0.318604	
397	0.265503	
398	-0.164185	
399	-0.422974	
400	0.410767	
401	-0.312195	
402	0.279236	
403	-0.15625	
404	-0.424194	
405	0.394592	
406	-0.319519	
407	0.264893	
408	-0.157776	
409	-0.419617	
410	0.413818	
411	-0.302734	
412	0.268555	
413	-0.161438	
414	-0.420837	
415	0.401611	
416	-0.306396	
417	0.27832	
418	-0.154419	
419	-0.414124	
420	0.40802	
421	-0.316467	
422	0.262756	
423	-0.160522	
424	-0.418701	
425	0.414429	
426	-0.304871	
427	0.277405	
428	-0.15564	
429	-0.419617	
430	0.393677	
431	-0.315552	
432	0.268555	
433	-0.153809	
434	-0.417786	
435	0.415955	
436	-0.305786	
437	0.262451	
438	-0.159607	
439	-0.420837	
440	0.403748	
441	-0.311279	
442	0.275879	
443	-0.151367	
444	-0.415344	
445	0.403748	
446	-0.308838	
447	0.259705	
448	-0.157776	
449	-0.417175	
450	0.427856	
451	-0.306702	
452	0.271301	
453	-0.155334	
454	-0.418091	
455	0.413818	
456	-0.310669	
457	0.269775	
458	-0.151062	
459	-0.414124	
460	0.430298	
461	-0.306702	
462	0.256042	
463	-0.157471	
464	-0.422974	
465	0.410767	
466	-0.304871	
467	0.270996	
468	-0.148315	
469	-0.416565	
470	0.401306	
471	-0.309448	
472	0.257263	
473	-0.152283	
474	-0.415344	
475	0.41748	
476	-0.30365	
477	0.262146	
478	-0.154114	
479	-0.424805	
480	0.401306	
481	-0.30426	
482	0.270081	
483	-0.146484	
484	-0.415955	
485	0.415039	
486	-0.306091	
487	0.25116	
488	-0.155945	
489	-0.41748	
490	0.422668	
491	-0.299072	
492	0.267029	
493	-0.148926	
494	-0.414429	
495	0.389099	
496	-0.306091	
497	0.254517	
498	-0.14801	
499	-0.419006	
500	0.415649	
501	-0.297546	
502	0.250854	
503	-0.152588	
504	-0.417175	
505	0.391235	
506	-0.299072	
507	0.264893	
508	-0.142822	
509	-0.410461	
510	0.409241	
511	-0.303345	
512	0.248413	
513	-0.152283	
514	-0.422363	
515	0.398865	
516	-0.296631	
517	0.26001	
518	-0.147705	
519	-0.414429	
520	0.392761	
521	-0.304565	
522	0.255737	
523	-0.141296	
524	-0.409546	
525	0.404968	
526	-0.300293	
527	0.242615	
528	-0.147705	
529	-0.415955	
530	0.394897	
531	-0.29541	
532	0.259399	
533	-0.140991	
534	-0.408936	
535	0.376587	
536	-0.30365	
537	0.244141	
538	-0.143433	
539	-0.41748	
540	0.39032	
541	-0.293274	
542	0.250854	
543	-0.145264	
544	-0.415955	
545	0.370789	
546	-0.299072	
547	0.255127	
548	-0.137939	
549	-0.414429	
550	0.379944	
551	-0.302429	
552	0.236816	
553	-0.145569	
554	-0.412292	
555	0.385742	
556	-0.292053	
557	0.250854	
558	-0.13855	
559	-0.413818	
560	0.370789	
561	-0.301208	
562	0.240479	
563	-0.137024	
564	-0.409546	
565	0.392761	
566	-0.292969	
567	0.239563	
568	-0.140076	
569	-0.415344	
570	0.360413	
571	-0.296021	
572	0.249023	
573	-0.134277	
574	-0.405884	
575	0.362854	
576	-0.299377	
577	0.232849	
578	-0.143127	
579	-0.421143	
580	0.377502	
581	-0.293274	
582	0.247192	
583	-0.13916	
584	-0.40863	
585	0.36499	
586	-0.298767	
587	0.240479	
588	-0.133667	
589	-0.40863	
590	0.372925	
591	-0.2948	
592	0.231323	
593	-0.140991	
594	-0.413818	
595	0.368347	
596	-0.290833	
597	0.244141	
598	-0.132141	
599	-0.409851	
600	0.368652	
601	-0.298767	
602	0.227966	
603	-0.137939	
604	-0.405273	
605	0.377197	
606	-0.289917	
607	0.236206	
608	-0.139465	
609	-0.414429	
610	0.360718	
611	-0.29541	
612	0.238647	
613	-0.130005	
614	-0.415344	
615	0.367432	
616	-0.294189	
617	0.223694	
618	-0.138245	
619	-0.419922	
620	0.365295	
621	-0.290222	
622	0.236816	
623	-0.117188	
624	-0.413818	
625	0.349121	
626	-0.296936	
627	0.224609	
628	-0.103149	
629	-0.400696	
630	0.368652	
631	-0.289001	
632	0.223694	
633	-0.098877	
634	-0.411682	
635	0.353394	
636	-0.292969	
637	0.23468	
638	-0.0662231	
639	-0.405273	
640	0.341797	
641	-0.293884	
642	0.217285	
643	-0.0576782	
644	-0.415344	
645	0.355835	
646	-0.286865	
647	0.229797	
648	-0.0305176	
649	-0.409546	
650	0.343933	
651	-0.2948	
652	0.222778	
653	-0.0268555	
654	-0.39856	
655	0.355835	
656	-0.287476	
657	0.213928	
658	-0.0186157	
659	-0.402832	
660	0.362244	
661	-0.28595	
662	0.229492	
663	0.00213623	
664	-0.395508	
665	0.33783	
666	-0.292358	
667	0.212708	
668	0.0134277	
669	-0.395813	
670	0.362244	
671	-0.283813	
672	0.221252	
673	0.0183105	
674	-0.395813	
675	0.333557	
676	-0.288696	
677	0.222168	
678	0.0280762	
679	-0.39978	
680	0.344849	
681	-0.289917	
682	0.20874	
683	0.0390625	
684	-0.401001	
685	0.348206	
686	-0.283813	
687	0.221252	
688	0.0473022	
689	-0.395813	
690	0.329285	
691	-0.289307	
692	0.20752	
693	0.055542	
694	-0.397034	
695	0.351562	
696	-0.281067	
697	0.20752	
698	0.0558472	
699	-0.402832	
700	0.33844	
701	-0.282288	
702	0.218201	
703	0.0744629	
704	-0.400085	
705	0.333862	
706	-0.287781	
707	0.202637	
708	0.072937	
709	-0.401611	
710	0.339966	
711	-0.281067	
712	0.214539	
713	0.0848389	
714	-0.403137	
715	0.343018	
716	-0.286865	
717	0.207214	
718	0.0930786	
719	-0.396118	
720	0.345459	
721	-0.281677	
722	0.2005	
723	0.0985718	
724	-0.40863	
725	0.341797	
726	-0.280151	
727	0.212402	
728	0.116882	
729	-0.393372	
730	0.338135	
731	-0.285645	
732	0.196533	
733	0.120239	
734	-0.394592	
735	0.346069	
736	-0.27771	
737	0.207214	
738	0.126953	
739	-0.401306	
740	0.333862	
741	-0.281982	
742	0.206604	
743	0.148926	
744	-0.387573	
745	0.339661	
746	-0.283203	
747	0.194397	
748	0.152893	
749	-0.398865	
750	0.349121	
751	-0.277405	
752	0.206604	
753	0.167542	
754	-0.390625	
755	0.328064	
756	-0.285034	
757	0.193787	
758	0.175781	
759	-0.388794	
760	0.358887	
761	-0.275269	
762	0.196838	
763	0.180664	
764	-0.391846	
765	0.328064	
766	-0.279236	
767	0.204163	
768	0.202026	
769	-0.391235	
770	0.354004	
771	-0.281372	
772	0.189209	
773	0.206299	
774	-0.400391	
775	0.344238	
776	-0.274048	
777	0.2005	
778	0.230103	
779	-0.39978	
780	0.319824	
781	-0.281067	
782	0.191345	
783	0.24231	
784	-0.386353	
785	0.34668	
786	-0.273438	
787	0.188599	
788	0.238342	
789	-0.391846	
790	0.333252	
791	-0.272217	
792	0.200195	
793	0.26123	
794	-0.395203	
795	0.338135	
796	-0.276184	
797	0.186768	
798	0.274658	
799	-0.397034	
800	0.350952	
801	-0.266724	
802	0.194397	
803	0.276794	
804	-0.396118	
805	0.319824	
806	-0.274048	
807	0.195923	
808	0.296326	
809	-0.388184	
810	0.336304	
811	-0.271912	
812	0.183411	
813	0.297852	
814	-0.395508	
815	0.325012	
816	-0.265198	
817	0.196228	
818	0.326843	
819	-0.394592	
820	0.310059	
821	-0.273132	
822	0.184326	
823	0.33905	
824	-0.39093	
825	0.328979	
826	-0.263977	
827	0.187683	
828	0.342407	
829	-0.393982	
830	0.335083	
831	-0.26886	
832	0.195312	
833	0.360107	
834	-0.39032	
835	0.323792	
836	-0.271606	
837	0.180664	
838	0.355835	
839	-0.397339	
840	0.333862	
841	-0.264587	
842	0.19165	
843	0.369263	
844	-0.395813	
845	0.30426	
846	-0.270386	
847	0.183716	
848	0.380249	
849	-0.385742	
850	0.331116	
851	-0.264282	
852	0.179749	
853	0.376587	
854	-0.400085	
855	0.322571	
856	-0.264587	
857	0.192566	
858	0.39093	
859	-0.391846	
860	0.313721	
861	-0.269165	
862	0.176392	
863	0.383606	
864	-0.388184	
865	0.332031	
866	-0.26123	
867	0.189514	
868	0.385437	
869	-0.396729	
870	0.333252	
871	-0.267334	
872	0.185242	
873	0.403137	
874	-0.389099	
875	0.339661	
876	-0.263977	
877	0.17395	
878	0.392151	
879	-0.394592	
880	0.32196	
881	-0.259705	
882	0.189209	
883	0.404968	
884	-0.39093	
885	0.316162	
886	-0.264587	
887	0.175171	
888	0.402222	
889	-0.388794	
890	0.327759	
891	-0.258484	
892	0.182495	
893	0.39917	
894	-0.391846	
895	0.328064	
896	-0.26123	
897	0.186157	
898	0.412903	
899	-0.38147	
900	0.320129	
901	-0.261841	
902	0.171814	
903	0.402222	
904	-0.383606	
905	0.322876	
906	-0.253906	
907	0.185852	
908	0.410156	
909	-0.381775	
910	0.307617	
911	-0.261841	
912	0.174866	
913	0.418091	
914	-0.375671	
915	0.32074	
916	-0.255737	
917	0.17395	
918	0.403442	
919	-0.379639	
920	0.310669	
921	-0.254517	
922	0.183411	
923	0.417175	
924	-0.371094	
925	0.316162	
926	-0.258789	
927	0.166931	
928	0.405273	
929	-0.37323	
930	0.322266	
931	-0.249634	
932	0.180664	
933	0.401306	
934	-0.377197	
935	0.307312	
936	-0.257874	
937	0.177002	
938	0.421448	
939	-0.373535	
940	0.326538	
941	-0.253601	
942	0.169067	
943	0.403442	
944	-0.375977	
945	0.315552	
946	-0.248413	
947	0.178528	
948	0.418701	
949	-0.375977	
950	0.305481	
951	-0.255432	
952	0.165405	
953	0.414429	
954	-0.375977	
955	0.326233	
956	-0.245361	
957	0.174561	
958	0.40863	
959	-0.38147	
960	0.315247	
961	-0.249634	
962	0.174255	
963	0.419006	
964	-0.371094	
965	0.326538	
966	-0.249329	
967	0.162659	
968	0.418396	
969	-0.370789	
970	0.326538	
971	-0.241394	
972	0.174866	
973	0.426331	
974	-0.374451	
975	0.31189	
976	-0.247803	
977	0.162354	
978	0.421448	
979	-0.373535	
980	0.329285	
981	-0.239258	
982	0.163879	
983	0.415649	
984	-0.367737	
985	0.315247	
986	-0.239563	
987	0.171509	
988	0.4245	
989	-0.373535	
990	0.313721	
991	-0.24231	
992	0.157776	
993	0.414734	
994	-0.368958	
995	0.322876	
996	-0.233765	
997	0.169067	
998	0.418091	
999	-0.370178	
1000	0.309753	
