Scan	  Chan 1	

1	-0.0344849	
2	-0.404053	
3	0.358276	
4	-0.293579	
5	0.21759	
6	-0.0268555	
7	-0.401917	
8	0.361938	
9	-0.28595	
10	0.225525	
11	-0.0088501	
12	-0.414429	
13	0.343628	
14	-0.294189	
15	0.223083	
16	0.0109863	
17	-0.39917	
18	0.363464	
19	-0.291138	
20	0.212402	
21	0.015564	
22	-0.409241	
23	0.354614	
24	-0.287781	
25	0.224304	
26	0.0317383	
27	-0.396729	
28	0.349731	
29	-0.293274	
30	0.211182	
31	0.0439453	
32	-0.404968	
33	0.366516	
34	-0.285034	
35	0.215454	
36	0.0515747	
37	-0.414124	
38	0.330811	
39	-0.289917	
40	0.218201	
41	0.0723267	
42	-0.405884	
43	0.352173	
44	-0.290527	
45	0.205994	
46	0.0689697	
47	-0.40802	
48	0.346375	
49	-0.283813	
50	0.21759	
51	0.0854492	
52	-0.401306	
53	0.338135	
54	-0.289612	
55	0.205688	
56	0.0982666	
57	-0.404358	
58	0.366516	
59	-0.283203	
60	0.204773	
61	0.0991821	
62	-0.406189	
63	0.331116	
64	-0.283813	
65	0.214233	
66	0.127563	
67	-0.39917	
68	0.33783	
69	-0.288086	
70	0.2005	
71	0.130005	
72	-0.391846	
73	0.343628	
74	-0.279541	
75	0.210876	
76	0.139771	
77	-0.397034	
78	0.339355	
79	-0.286865	
80	0.203857	
81	0.164795	
82	-0.388184	
83	0.335388	
84	-0.281372	
85	0.195618	
86	0.177002	
87	-0.395813	
88	0.330505	
89	-0.278931	
90	0.20752	
91	0.196533	
92	-0.387878	
93	0.333252	
94	-0.285339	
95	0.193787	
96	0.206909	
97	-0.386353	
98	0.355225	
99	-0.274963	
100	0.201721	
101	0.215759	
102	-0.394287	
103	0.337524	
104	-0.281372	
105	0.202942	
106	0.241394	
107	-0.395203	
108	0.348206	
109	-0.277405	
110	0.189209	
111	0.248413	
112	-0.39917	
113	0.332642	
114	-0.272217	
115	0.202332	
116	0.276489	
117	-0.393982	
118	0.323486	
119	-0.278931	
120	0.188599	
121	0.292053	
122	-0.388794	
123	0.352173	
124	-0.270691	
125	0.192566	
126	0.298157	
127	-0.402832	
128	0.326233	
129	-0.273132	
130	0.198059	
131	0.326843	
132	-0.387878	
133	0.325317	
134	-0.274658	
135	0.183716	
136	0.333252	
137	-0.385742	
138	0.343628	
139	-0.267334	
140	0.196838	
141	0.34668	
142	-0.389709	
143	0.316467	
144	-0.274963	
145	0.186768	
146	0.360718	
147	-0.386047	
148	0.328979	
149	-0.267944	
150	0.184021	
151	0.367737	
152	-0.397034	
153	0.324707	
154	-0.266724	
155	0.194397	
156	0.386658	
157	-0.385742	
158	0.335693	
159	-0.271301	
160	0.180969	
161	0.385742	
162	-0.383911	
163	0.324402	
164	-0.263977	
165	0.19104	
166	0.386047	
167	-0.391846	
168	0.307922	
169	-0.270386	
170	0.186768	
171	0.395508	
172	-0.383301	
173	0.345154	
174	-0.267029	
175	0.177612	
176	0.39032	
177	-0.391541	
178	0.326538	
179	-0.263062	
180	0.19165	
181	0.401917	
182	-0.387573	
183	0.332336	
184	-0.268555	
185	0.177307	
186	0.407104	
187	-0.392151	
188	0.34729	
189	-0.26062	
190	0.184937	
191	0.396729	
192	-0.395813	
193	0.311279	
194	-0.264587	
195	0.187073	
196	0.410461	
197	-0.388184	
198	0.321045	
199	-0.263977	
200	0.174255	
201	0.400391	
202	-0.394287	
203	0.326843	
204	-0.259399	
205	0.186157	
206	0.409241	
207	-0.387268	
208	0.328979	
209	-0.263672	
210	0.174866	
211	0.411682	
212	-0.383911	
213	0.332642	
214	-0.255127	
215	0.176697	
216	0.401611	
217	-0.386963	
218	0.316467	
219	-0.258484	
220	0.184631	
221	0.419922	
222	-0.375671	
223	0.323792	
224	-0.26001	
225	0.170898	
226	0.404358	
227	-0.378418	
228	0.327148	
229	-0.253906	
230	0.181885	
231	0.412292	
232	-0.383911	
233	0.308228	
234	-0.260315	
235	0.174866	
236	0.415649	
237	-0.37262	
238	0.32196	
239	-0.253296	
240	0.169678	
241	0.404358	
242	-0.378418	
243	0.317078	
244	-0.252075	
245	0.180969	
246	0.419617	
247	-0.378113	
248	0.309753	
249	-0.254822	
250	0.166931	
251	0.411072	
252	-0.377808	
253	0.330505	
254	-0.247803	
255	0.177612	
256	0.406799	
257	-0.384827	
258	0.316772	
259	-0.25238	
260	0.175476	
261	0.421753	
262	-0.38147	
263	0.322571	
264	-0.247803	
265	0.167236	
266	0.420532	
267	-0.377808	
268	0.324707	
269	-0.24353	
270	0.177612	
271	0.430603	
272	-0.362549	
273	0.307922	
274	-0.249634	
275	0.16449	
276	0.421753	
277	-0.361023	
278	0.328369	
279	-0.241089	
280	0.170593	
281	0.410156	
282	-0.38269	
283	0.311279	
284	-0.243835	
285	0.174866	
286	0.428772	
287	-0.375061	
288	0.322266	
289	-0.24292	
290	0.162048	
291	0.413818	
292	-0.377808	
293	0.318604	
294	-0.237122	
295	0.173035	
296	0.426025	
297	-0.378418	
298	0.301208	
299	-0.24292	
300	0.162354	
301	0.4245	
302	-0.366516	
303	0.318604	
304	-0.234985	
305	0.162048	
306	0.410156	
307	-0.371399	
308	0.305176	
309	-0.23468	
310	0.171814	
311	0.428467	
312	-0.3479	
313	0.305176	
314	-0.237122	
315	0.158997	
316	0.415344	
317	-0.367737	
318	0.319824	
319	-0.229187	
320	0.168457	
321	0.421753	
322	-0.372925	
323	0.302429	
324	-0.23468	
325	0.162659	
326	0.429993	
327	-0.360107	
328	0.316162	
329	-0.228882	
330	0.153503	
331	0.41748	
332	-0.371704	
333	0.307922	
334	-0.225525	
335	0.166016	
336	0.43457	
337	-0.363159	
338	0.300903	
339	-0.230713	
340	0.152893	
341	0.423279	
342	-0.353088	
343	0.319519	
344	-0.220947	
345	0.162048	
346	0.421753	
347	-0.359802	
348	0.300903	
349	-0.22644	
350	0.161743	
351	0.431824	
352	-0.35553	
353	0.311584	
354	-0.224609	
355	0.149231	
356	0.419922	
357	-0.366211	
358	0.311584	
359	-0.21698	
360	0.159912	
361	0.430603	
362	-0.358276	
363	0.296936	
364	-0.223999	
365	0.149841	
366	0.433044	
367	-0.347595	
368	0.316467	
369	-0.213318	
370	0.151062	
371	0.419617	
372	-0.363464	
373	0.299072	
374	-0.21637	
375	0.154724	
376	0.433044	
377	-0.354614	
378	0.304565	
379	-0.216675	
380	0.134583	
381	0.419006	
382	-0.345764	
383	0.314026	
384	-0.208435	
385	0.12207	
386	0.426636	
387	-0.362854	
388	0.29541	
389	-0.216064	
390	0.0970459	
391	0.43457	
392	-0.354004	
393	0.31189	
394	-0.20813	
395	0.0921631	
396	0.420227	
397	-0.363464	
398	0.301208	
399	-0.206909	
400	0.0790405	
401	0.432129	
402	-0.33783	
403	0.298462	
404	-0.211182	
405	0.0558472	
406	0.420837	
407	-0.346375	
408	0.31311	
409	-0.202026	
410	0.0531006	
411	0.42511	
412	-0.357056	
413	0.295105	
414	-0.20874	
415	0.0390625	
416	0.443115	
417	-0.348816	
418	0.309143	
419	-0.203857	
420	0.0198364	
421	0.415649	
422	-0.361023	
423	0.30365	
424	-0.200195	
425	0.020752	
426	0.432434	
427	-0.349426	
428	0.292969	
429	-0.206299	
430	-0.000305176	
431	0.423584	
432	-0.332947	
433	0.31189	
434	-0.196228	
435	-0.00793457	
436	0.420532	
437	-0.353088	
438	0.293579	
439	-0.201416	
440	-0.012207	
441	0.432434	
442	-0.334473	
443	0.304565	
444	-0.200195	
445	-0.0262451	
446	0.415344	
447	-0.343323	
448	0.308228	
449	-0.194397	
450	-0.0369263	
451	0.441284	
452	-0.334167	
453	0.292664	
454	-0.201111	
455	-0.0531006	
456	0.439758	
457	-0.33844	
458	0.307617	
459	-0.191345	
460	-0.0598145	
461	0.422974	
462	-0.334778	
463	0.292969	
464	-0.195007	
465	-0.0619507	
466	0.438843	
467	-0.342102	
468	0.297852	
469	-0.196533	
470	-0.0814819	
471	0.420227	
472	-0.354614	
473	0.306702	
474	-0.189209	
475	-0.0817871	
476	0.433655	
477	-0.344238	
478	0.289307	
479	-0.196228	
480	-0.10376	
481	0.431213	
482	-0.334473	
483	0.30304	
484	-0.190125	
485	-0.12207	
486	0.429382	
487	-0.341187	
488	0.293884	
489	-0.189209	
490	-0.127258	
491	0.435791	
492	-0.340881	
493	0.289917	
494	-0.191345	
495	-0.147095	
496	0.422058	
497	-0.340271	
498	0.30426	
499	-0.184021	
500	-0.151367	
501	0.417786	
502	-0.346375	
503	0.286865	
504	-0.19043	
505	-0.17395	
506	0.430603	
507	-0.339355	
508	0.299683	
509	-0.187378	
510	-0.181885	
511	0.412292	
512	-0.33783	
513	0.295715	
514	-0.182495	
515	-0.19104	
516	0.429077	
517	-0.328369	
518	0.282593	
519	-0.187378	
520	-0.213013	
521	0.42572	
522	-0.332031	
523	0.298767	
524	-0.178833	
525	-0.218506	
526	0.40802	
527	-0.343323	
528	0.284119	
529	-0.182495	
530	-0.230408	
531	0.433044	
532	-0.328674	
533	0.290833	
534	-0.184021	
535	-0.252075	
536	0.408936	
537	-0.349731	
538	0.295105	
539	-0.177002	
540	-0.261841	
541	0.430298	
542	-0.339355	
543	0.279541	
544	-0.1828	
545	-0.282288	
546	0.427551	
547	-0.327148	
548	0.294495	
549	-0.174561	
550	-0.297852	
551	0.413818	
552	-0.340271	
553	0.281982	
554	-0.175476	
555	-0.310059	
556	0.431213	
557	-0.323792	
558	0.281982	
559	-0.178833	
560	-0.336609	
561	0.415955	
562	-0.325928	
563	0.293884	
564	-0.171204	
565	-0.347595	
566	0.423889	
567	-0.331116	
568	0.275574	
569	-0.177612	
570	-0.361633	
571	0.426636	
572	-0.327454	
573	0.291138	
574	-0.172119	
575	-0.377197	
576	0.412903	
577	-0.320129	
578	0.281677	
579	-0.169067	
580	-0.385437	
581	0.431824	
582	-0.324097	
583	0.275269	
584	-0.174866	
585	-0.411682	
586	0.420532	
587	-0.335083	
588	0.291138	
589	-0.166931	
590	-0.406189	
591	0.414429	
592	-0.331421	
593	0.274658	
594	-0.171509	
595	-0.414429	
596	0.431519	
597	-0.318298	
598	0.285339	
599	-0.170593	
600	-0.419922	
601	0.413208	
602	-0.325928	
603	0.284119	
604	-0.163879	
605	-0.426331	
606	0.432434	
607	-0.322266	
608	0.271301	
609	-0.172119	
610	-0.424805	
611	0.426025	
612	-0.328064	
613	0.28717	
614	-0.162659	
615	-0.422363	
616	0.411377	
617	-0.314636	
618	0.272522	
619	-0.166321	
620	-0.423889	
621	0.432129	
622	-0.322571	
623	0.279236	
624	-0.168457	
625	-0.42511	
626	0.414124	
627	-0.327454	
628	0.283813	
629	-0.160217	
630	-0.420532	
631	0.419006	
632	-0.315552	
633	0.26886	
634	-0.168457	
635	-0.423889	
636	0.421753	
637	-0.318604	
638	0.282288	
639	-0.160217	
640	-0.419006	
641	0.403442	
642	-0.317993	
643	0.269775	
644	-0.160217	
645	-0.418091	
646	0.422974	
647	-0.318604	
648	0.269165	
649	-0.16571	
650	-0.422058	
651	0.403748	
652	-0.309753	
653	0.281982	
654	-0.15686	
655	-0.41626	
656	0.406494	
657	-0.315552	
658	0.264893	
659	-0.164185	
660	-0.421143	
661	0.419312	
662	-0.306396	
663	0.27771	
664	-0.159607	
665	-0.420227	
666	0.403442	
667	-0.31311	
668	0.26947	
669	-0.155945	
670	-0.421143	
671	0.415649	
672	-0.306091	
673	0.26123	
674	-0.161743	
675	-0.421143	
676	0.410461	
677	-0.298462	
678	0.275269	
679	-0.152893	
680	-0.427246	
681	0.40802	
682	-0.307922	
683	0.257874	
684	-0.157776	
685	-0.420532	
686	0.413818	
687	-0.297546	
688	0.26947	
689	-0.158081	
690	-0.422363	
691	0.402527	
692	-0.303345	
693	0.26825	
694	-0.151672	
695	-0.414124	
696	0.413818	
697	-0.306091	
698	0.253601	
699	-0.158081	
700	-0.42511	
701	0.406799	
702	-0.299377	
703	0.26825	
704	-0.150757	
705	-0.415649	
706	0.390625	
707	-0.305786	
708	0.25177	
709	-0.152283	
710	-0.414734	
711	0.41748	
712	-0.296326	
713	0.256958	
714	-0.154419	
715	-0.42511	
716	0.39093	
717	-0.300903	
718	0.264587	
719	-0.147705	
720	-0.410156	
721	0.397949	
722	-0.302429	
723	0.245667	
724	-0.155334	
725	-0.417786	
726	0.407715	
727	-0.29541	
728	0.258789	
729	-0.148315	
730	-0.410156	
731	0.379333	
732	-0.306396	
733	0.248108	
734	-0.145874	
735	-0.411377	
736	0.402832	
737	-0.296326	
738	0.244141	
739	-0.151367	
740	-0.417786	
741	0.380859	
742	-0.297241	
743	0.257263	
744	-0.143433	
745	-0.411072	
746	0.38269	
747	-0.301819	
748	0.239563	
749	-0.148926	
750	-0.412598	
751	0.386963	
752	-0.294189	
753	0.252686	
754	-0.145569	
755	-0.412598	
756	0.37323	
757	-0.302734	
758	0.245056	
759	-0.140076	
760	-0.409241	
761	0.39032	
762	-0.297852	
763	0.235901	
764	-0.147095	
765	-0.413513	
766	0.368652	
767	-0.2948	
768	0.250854	
769	-0.137024	
770	-0.40802	
771	0.368347	
772	-0.301514	
773	0.23407	
774	-0.142822	
775	-0.408325	
776	0.375977	
777	-0.292053	
778	0.24231	
779	-0.142212	
780	-0.412598	
781	0.357056	
782	-0.298462	
783	0.242615	
784	-0.134888	
785	-0.404663	
786	0.361023	
787	-0.296631	
788	0.227356	
789	-0.140991	
790	-0.412903	
791	0.358582	
792	-0.292358	
793	0.24292	
794	-0.131836	
795	-0.407715	
796	0.365295	
797	-0.298157	
798	0.228577	
799	-0.123901	
800	-0.409241	
801	0.369568	
802	-0.289001	
803	0.230103	
804	-0.103149	
805	-0.415344	
806	0.350342	
807	-0.293884	
808	0.238342	
809	-0.0817871	
810	-0.405273	
811	0.346069	
812	-0.295105	
813	0.220947	
814	-0.0796509	
815	-0.418091	
816	0.354309	
817	-0.289612	
818	0.234985	
819	-0.0610352	
820	-0.407104	
821	0.349426	
822	-0.296631	
823	0.22522	
824	-0.0408936	
825	-0.407715	
826	0.367126	
827	-0.289917	
828	0.221252	
829	-0.0384521	
830	-0.411987	
831	0.349426	
832	-0.290222	
833	0.232239	
834	-0.0158691	
835	-0.405579	
836	0.338745	
837	-0.295105	
838	0.217285	
839	-0.0109863	
840	-0.403748	
841	0.376282	
842	-0.28595	
843	0.228271	
844	0.000610352	
845	-0.405273	
846	0.357666	
847	-0.2948	
848	0.22583	
849	0.0186157	
850	-0.406189	
851	0.364075	
852	-0.291138	
853	0.213318	
854	0.0250244	
855	-0.409851	
856	0.346985	
857	-0.28595	
858	0.227051	
859	0.0338745	
860	-0.412598	
861	0.341187	
862	-0.293274	
863	0.211792	
864	0.045166	
865	-0.406799	
866	0.364685	
867	-0.285034	
868	0.218201	
869	0.0473022	
870	-0.412292	
871	0.332642	
872	-0.289001	
873	0.222473	
874	0.0656128	
875	-0.408936	
876	0.343018	
877	-0.289612	
878	0.20752	
879	0.0671387	
880	-0.412292	
881	0.354919	
882	-0.283508	
883	0.220337	
884	0.0790405	
885	-0.412598	
886	0.333862	
887	-0.289917	
888	0.20874	
889	0.0897217	
890	-0.406189	
891	0.355225	
892	-0.281982	
893	0.207214	
894	0.0927734	
895	-0.409241	
896	0.350037	
897	-0.283508	
898	0.218506	
899	0.106506	
900	-0.399475	
901	0.341187	
902	-0.288086	
903	0.201111	
904	0.113525	
905	-0.403442	
906	0.346375	
907	-0.279541	
908	0.214233	
909	0.126343	
910	-0.393982	
911	0.346375	
912	-0.286865	
913	0.207214	
914	0.144043	
915	-0.392456	
916	0.339966	
917	-0.280762	
918	0.199585	
919	0.149536	
920	-0.394897	
921	0.350037	
922	-0.279541	
923	0.212402	
924	0.169983	
925	-0.389099	
926	0.333252	
927	-0.285034	
928	0.197754	
929	0.177612	
930	-0.391235	
931	0.367737	
932	-0.276794	
933	0.20752	
934	0.181885	
935	-0.395813	
936	0.325623	
937	-0.282288	
938	0.206909	
939	0.205688	
940	-0.386353	
941	0.346375	
942	-0.280151	
943	0.192566	
944	0.212708	
945	-0.394592	
946	0.329895	
947	-0.275574	
948	0.207214	
949	0.231018	
950	-0.395508	
951	0.326538	
952	-0.281677	
953	0.195312	
954	0.241089	
955	-0.394287	
956	0.339661	
957	-0.272827	
958	0.19989	
959	0.240173	
960	-0.39856	
961	0.317383	
962	-0.276489	
963	0.204773	
964	0.265808	
965	-0.384521	
966	0.324707	
967	-0.276489	
968	0.189209	
969	0.269165	
970	-0.395813	
971	0.354919	
972	-0.270691	
973	0.202332	
974	0.285645	
975	-0.398865	
976	0.31189	
977	-0.277405	
978	0.19165	
979	0.301514	
980	-0.392761	
981	0.350952	
982	-0.270691	
983	0.189819	
984	0.300903	
985	-0.39917	
986	0.340576	
987	-0.272217	
988	0.202026	
989	0.324707	
990	-0.388184	
991	0.328979	
992	-0.274963	
993	0.186157	
994	0.328369	
995	-0.396423	
996	0.345154	
997	-0.267944	
998	0.196533	
999	0.340881	
1000	-0.393372	
