Scan	  Chan 1	

1	0.164185	
2	0.42511	
3	-0.365601	
4	0.300293	
5	-0.233459	
6	0.157471	
7	0.426331	
8	-0.364685	
9	0.314026	
10	-0.228577	
11	0.153809	
12	0.41626	
13	-0.353394	
14	0.305786	
15	-0.228271	
16	0.166016	
17	0.428162	
18	-0.344238	
19	0.30365	
20	-0.233154	
21	0.153198	
22	0.422363	
23	-0.357971	
24	0.316162	
25	-0.227051	
26	0.164185	
27	0.41748	
28	-0.364075	
29	0.301208	
30	-0.232544	
31	0.162354	
32	0.431824	
33	-0.360718	
34	0.315552	
35	-0.230103	
36	0.152588	
37	0.415344	
38	-0.366821	
39	0.310059	
40	-0.226746	
41	0.166626	
42	0.431213	
43	-0.353394	
44	0.300903	
45	-0.233765	
46	0.153198	
47	0.4245	
48	-0.357971	
49	0.317078	
50	-0.22644	
51	0.161438	
52	0.418091	
53	-0.367432	
54	0.300903	
55	-0.231934	
56	0.16571	
57	0.431824	
58	-0.359802	
59	0.3125	
60	-0.231323	
61	0.151978	
62	0.418396	
63	-0.36438	
64	0.313416	
65	-0.22644	
66	0.166626	
67	0.42511	
68	-0.35675	
69	0.300903	
70	-0.23407	
71	0.154724	
72	0.427856	
73	-0.365906	
74	0.314941	
75	-0.22644	
76	0.15686	
77	0.413818	
78	-0.351562	
79	0.301514	
80	-0.228882	
81	0.166626	
82	0.431213	
83	-0.358582	
84	0.304871	
85	-0.232849	
86	0.151672	
87	0.415955	
88	-0.360413	
89	0.314331	
90	-0.22583	
91	0.163879	
92	0.426025	
93	-0.365906	
94	0.298462	
95	-0.234375	
96	0.157166	
97	0.426025	
98	-0.36438	
99	0.314941	
100	-0.227661	
101	0.154419	
102	0.414429	
103	-0.363464	
104	0.305176	
105	-0.22644	
106	0.166931	
107	0.426025	
108	-0.365601	
109	0.301208	
110	-0.232849	
111	0.153198	
112	0.420532	
113	-0.36499	
114	0.316467	
115	-0.224915	
116	0.164185	
117	0.417786	
118	-0.362549	
119	0.301208	
120	-0.232544	
121	0.161438	
122	0.432739	
123	-0.354614	
124	0.313721	
125	-0.229187	
126	0.151672	
127	0.415649	
128	-0.362549	
129	0.309448	
130	-0.224609	
131	0.165405	
132	0.427551	
133	-0.34729	
134	0.299683	
135	-0.231323	
136	0.151367	
137	0.422058	
138	-0.354614	
139	0.315247	
140	-0.223389	
141	0.159302	
142	0.41626	
143	-0.368958	
144	0.302734	
145	-0.228577	
146	0.16449	
147	0.430298	
148	-0.361633	
149	0.311584	
150	-0.229187	
151	0.151978	
152	0.420227	
153	-0.350342	
154	0.316162	
155	-0.222778	
156	0.164185	
157	0.426331	
158	-0.361633	
159	0.299072	
160	-0.231323	
161	0.154114	
162	0.431824	
163	-0.357666	
164	0.316467	
165	-0.221863	
166	0.155334	
167	0.414734	
168	-0.370483	
169	0.302124	
170	-0.224304	
171	0.16449	
172	0.431824	
173	-0.350647	
174	0.305786	
175	-0.228271	
176	0.151367	
177	0.426636	
178	-0.362549	
179	0.317688	
180	-0.220642	
181	0.163574	
182	0.423889	
183	-0.371399	
184	0.299683	
185	-0.227966	
186	0.15686	
187	0.430603	
188	-0.359802	
189	0.314941	
190	-0.222778	
191	0.151672	
192	0.415649	
193	-0.369873	
194	0.307007	
195	-0.220642	
196	0.164185	
197	0.43335	
198	-0.348511	
199	0.300598	
200	-0.228577	
201	0.150146	
202	0.422363	
203	-0.354614	
204	0.318604	
205	-0.219421	
206	0.161743	
207	0.421753	
208	-0.361938	
209	0.300293	
210	-0.22522	
211	0.159607	
212	0.435791	
213	-0.355835	
214	0.313721	
215	-0.222778	
216	0.148621	
217	0.419617	
218	-0.364685	
219	0.310974	
220	-0.219421	
221	0.162659	
222	0.439148	
223	-0.359192	
224	0.297852	
225	-0.225525	
226	0.150146	
227	0.428467	
228	-0.356445	
229	0.316772	
230	-0.217896	
231	0.155029	
232	0.415955	
233	-0.36499	
234	0.298767	
235	-0.221863	
236	0.161438	
237	0.431519	
238	-0.348511	
239	0.308533	
240	-0.223999	
241	0.148621	
242	0.418701	
243	-0.370178	
244	0.3125	
245	-0.216675	
246	0.160217	
247	0.432434	
248	-0.36499	
249	0.298462	
250	-0.22522	
251	0.151062	
252	0.434265	
253	-0.35614	
254	0.313416	
255	-0.21698	
256	0.150757	
257	0.414124	
258	-0.356445	
259	0.301208	
260	-0.218506	
261	0.160522	
262	0.432129	
263	-0.349731	
264	0.302429	
265	-0.223389	
266	0.14679	
267	0.420227	
268	-0.350342	
269	0.315247	
270	-0.215454	
271	0.158386	
272	0.429077	
273	-0.356445	
274	0.297852	
275	-0.223389	
276	0.152893	
277	0.438538	
278	-0.357361	
279	0.314026	
280	-0.217285	
281	0.146179	
282	0.415039	
283	-0.361023	
284	0.304565	
285	-0.21698	
286	0.159302	
287	0.433044	
288	-0.352173	
289	0.300598	
290	-0.221558	
291	0.146179	
292	0.420837	
293	-0.363464	
294	0.315247	
295	-0.214233	
296	0.155334	
297	0.421753	
298	-0.366516	
299	0.299683	
300	-0.220337	
301	0.155029	
302	0.436401	
303	-0.349731	
304	0.311279	
305	-0.217285	
306	0.142212	
307	0.422058	
308	-0.36499	
309	0.308838	
310	-0.213318	
311	0.15686	
312	0.432129	
313	-0.364075	
314	0.295715	
315	-0.218506	
316	0.140991	
317	0.426941	
318	-0.35553	
319	0.314941	
320	-0.212097	
321	0.144653	
322	0.416565	
323	-0.371399	
324	0.298767	
325	-0.21637	
326	0.150146	
327	0.435486	
328	-0.360107	
329	0.307007	
330	-0.21698	
331	0.132141	
332	0.422363	
333	-0.361023	
334	0.313416	
335	-0.212708	
336	0.144958	
337	0.436707	
338	-0.361633	
339	0.296936	
340	-0.219116	
341	0.127563	
342	0.437927	
343	-0.358582	
344	0.31189	
345	-0.212708	
346	0.122986	
347	0.41626	
348	-0.35675	
349	0.299683	
350	-0.213318	
351	0.137329	
352	0.431824	
353	-0.341797	
354	0.301514	
355	-0.21637	
356	0.116577	
357	0.423584	
358	-0.358276	
359	0.314026	
360	-0.209961	
361	0.131226	
362	0.424805	
363	-0.360718	
364	0.296936	
365	-0.217285	
366	0.119934	
367	0.436707	
368	-0.349426	
369	0.311584	
370	-0.213013	
371	0.108948	
372	0.421448	
373	-0.357971	
374	0.303955	
375	-0.210571	
376	0.117493	
377	0.433655	
378	-0.357971	
379	0.296936	
380	-0.216064	
381	0.0979614	
382	0.422058	
383	-0.361023	
384	0.314331	
385	-0.208435	
386	0.111389	
387	0.419312	
388	-0.364075	
389	0.296631	
390	-0.216064	
391	0.103149	
392	0.438538	
393	-0.35553	
394	0.308838	
395	-0.213318	
396	0.088501	
397	0.419006	
398	-0.362549	
399	0.308228	
400	-0.208435	
401	0.10376	
402	0.431213	
403	-0.361633	
404	0.295105	
405	-0.215454	
406	0.085144	
407	0.428772	
408	-0.350037	
409	0.312195	
410	-0.207825	
411	0.0814819	
412	0.419006	
413	-0.362854	
414	0.299072	
415	-0.211487	
416	0.0888062	
417	0.432434	
418	-0.353394	
419	0.304871	
420	-0.212708	
421	0.0741577	
422	0.417786	
423	-0.359802	
424	0.31189	
425	-0.206604	
426	0.0784302	
427	0.430298	
428	-0.3479	
429	0.295105	
430	-0.213928	
431	0.0674438	
432	0.439148	
433	-0.351257	
434	0.311279	
435	-0.206604	
436	0.067749	
437	0.415039	
438	-0.354919	
439	0.299072	
440	-0.207214	
441	0.0695801	
442	0.428467	
443	-0.353088	
444	0.299683	
445	-0.212402	
446	0.0506592	
447	0.419006	
448	-0.343933	
449	0.31311	
450	-0.202942	
451	0.0619507	
452	0.428162	
453	-0.354004	
454	0.2948	
455	-0.212097	
456	0.0512695	
457	0.431213	
458	-0.336914	
459	0.310669	
460	-0.207825	
461	0.0430298	
462	0.415649	
463	-0.343933	
464	0.303345	
465	-0.204773	
466	0.0488281	
467	0.432434	
468	-0.349731	
469	0.295715	
470	-0.209656	
471	0.0292969	
472	0.426941	
473	-0.360107	
474	0.312805	
475	-0.202332	
476	0.03479	
477	0.418091	
478	-0.3479	
479	0.296326	
480	-0.208435	
481	0.0354004	
482	0.437317	
483	-0.343933	
484	0.308533	
485	-0.206604	
486	0.0204468	
487	0.418091	
488	-0.346069	
489	0.307617	
490	-0.200195	
491	0.0253296	
492	0.43457	
493	-0.337219	
494	0.294189	
495	-0.20813	
496	0.00915527	
497	0.428162	
498	-0.333557	
499	0.310974	
500	-0.199585	
501	0.0125122	
502	0.419006	
503	-0.353394	
504	0.297852	
505	-0.202942	
506	0.0143433	
507	0.43335	
508	-0.354614	
509	0.303955	
510	-0.205688	
511	-0.00305176	
512	0.423279	
513	-0.352783	
514	0.309448	
515	-0.198059	
516	-0.00152588	
517	0.432434	
518	-0.354004	
519	0.292969	
520	-0.204773	
521	-0.00854492	
522	0.433044	
523	-0.339966	
524	0.310059	
525	-0.196533	
526	-0.0143433	
527	0.418701	
528	-0.361023	
529	0.296936	
530	-0.19928	
531	-0.0140381	
532	0.438843	
533	-0.352478	
534	0.297852	
535	-0.202637	
536	-0.0292969	
537	0.421448	
538	-0.350342	
539	0.309448	
540	-0.195618	
541	-0.0247192	
542	0.424805	
543	-0.343323	
544	0.292358	
545	-0.201416	
546	-0.0280762	
547	0.440063	
548	-0.338745	
549	0.307922	
550	-0.198059	
551	-0.0366211	
552	0.418701	
553	-0.350342	
554	0.299377	
555	-0.194092	
556	-0.0289917	
557	0.440369	
558	-0.331421	
559	0.292664	
560	-0.2005	
561	-0.0466919	
562	0.423889	
563	-0.348816	
564	0.309753	
565	-0.192566	
566	-0.043335	
567	0.423279	
568	-0.352478	
569	0.292969	
570	-0.198669	
571	-0.0466919	
572	0.445862	
573	-0.349426	
574	0.304871	
575	-0.196228	
576	-0.0592041	
577	0.429993	
578	-0.350342	
579	0.304871	
580	-0.19165	
581	-0.0543213	
582	0.437622	
583	-0.346985	
584	0.289612	
585	-0.198669	
586	-0.0695801	
587	0.435791	
588	-0.345154	
589	0.305786	
590	-0.190735	
591	-0.0753784	
592	0.421753	
593	-0.341797	
594	0.292969	
595	-0.195007	
596	-0.0701904	
597	0.449524	
598	-0.346069	
599	0.299988	
600	-0.195923	
601	-0.0808716	
602	0.419922	
603	-0.340576	
604	0.307312	
605	-0.190125	
606	-0.0790405	
607	0.438538	
608	-0.339661	
609	0.288391	
610	-0.196533	
611	-0.093689	
612	0.444946	
613	-0.341797	
614	0.304871	
615	-0.189819	
616	-0.0985718	
617	0.422974	
618	-0.351562	
619	0.292664	
620	-0.191345	
621	-0.100098	
622	0.439148	
623	-0.344849	
624	0.292969	
625	-0.194702	
626	-0.114746	
627	0.419922	
628	-0.342712	
629	0.307007	
630	-0.186768	
631	-0.108948	
632	0.428162	
633	-0.344543	
634	0.289917	
635	-0.194092	
636	-0.116577	
637	0.436707	
638	-0.331116	
639	0.30365	
640	-0.188599	
641	-0.132141	
642	0.420532	
643	-0.348816	
644	0.297241	
645	-0.187073	
646	-0.130615	
647	0.433044	
648	-0.349731	
649	0.290222	
650	-0.192566	
651	-0.142212	
652	0.423889	
653	-0.352783	
654	0.305786	
655	-0.184326	
656	-0.150146	
657	0.418091	
658	-0.353394	
659	0.290222	
660	-0.189819	
661	-0.150757	
662	0.434265	
663	-0.332642	
664	0.300293	
665	-0.189514	
666	-0.16449	
667	0.422668	
668	-0.336609	
669	0.300903	
670	-0.183411	
671	-0.158691	
672	0.428162	
673	-0.339355	
674	0.286865	
675	-0.190735	
676	-0.175781	
677	0.428467	
678	-0.345764	
679	0.301208	
680	-0.182495	
681	-0.184326	
682	0.412903	
683	-0.350342	
684	0.288696	
685	-0.185852	
686	-0.18158	
687	0.426941	
688	-0.330505	
689	0.294189	
690	-0.188293	
691	-0.194397	
692	0.415649	
693	-0.336914	
694	0.300903	
695	-0.180664	
696	-0.189819	
697	0.439453	
698	-0.343628	
699	0.283813	
700	-0.189209	
701	-0.202026	
702	0.429077	
703	-0.340271	
704	0.299988	
705	-0.180969	
706	-0.213318	
707	0.408936	
708	-0.336609	
709	0.289612	
710	-0.182495	
711	-0.213013	
712	0.430908	
713	-0.324402	
714	0.28595	
715	-0.186462	
716	-0.224609	
717	0.418091	
718	-0.331421	
719	0.301208	
720	-0.178528	
721	-0.221863	
722	0.421448	
723	-0.341492	
724	0.282288	
725	-0.184326	
726	-0.234985	
727	0.427246	
728	-0.324097	
729	0.296936	
730	-0.180664	
731	-0.245361	
732	0.407715	
733	-0.326233	
734	0.291138	
735	-0.177612	
736	-0.242615	
737	0.430298	
738	-0.332947	
739	0.281677	
740	-0.183716	
741	-0.259399	
742	0.429382	
743	-0.33905	
744	0.298157	
745	-0.175171	
746	-0.256958	
747	0.41626	
748	-0.340576	
749	0.281372	
750	-0.180969	
751	-0.263367	
752	0.431824	
753	-0.335693	
754	0.292664	
755	-0.180054	
756	-0.283813	
757	0.417786	
758	-0.344238	
759	0.292969	
760	-0.17395	
761	-0.286255	
762	0.432434	
763	-0.339661	
764	0.27832	
765	-0.181274	
766	-0.298767	
767	0.426025	
768	-0.331421	
769	0.294495	
770	-0.17334	
771	-0.303345	
772	0.415955	
773	-0.33844	
774	0.281067	
775	-0.176697	
776	-0.305176	
777	0.436096	
778	-0.332947	
779	0.28595	
780	-0.180664	
781	-0.317383	
782	0.423584	
783	-0.334167	
784	0.296326	
785	-0.170898	
786	-0.319519	
787	0.419617	
788	-0.325012	
789	0.277405	
790	-0.178833	
791	-0.333252	
792	0.435181	
793	-0.320129	
794	0.292664	
795	-0.173645	
796	-0.343018	
797	0.415344	
798	-0.343018	
799	0.281677	
800	-0.172424	
801	-0.348511	
802	0.434265	
803	-0.332947	
804	0.280762	
805	-0.176697	
806	-0.366821	
807	0.419617	
808	-0.341797	
809	0.294189	
810	-0.169373	
811	-0.370178	
812	0.4245	
813	-0.331726	
814	0.275269	
815	-0.175781	
816	-0.374756	
817	0.435486	
818	-0.319214	
819	0.291443	
820	-0.171509	
821	-0.383911	
822	0.418396	
823	-0.342712	
824	0.28595	
825	-0.169678	
826	-0.383911	
827	0.43457	
828	-0.329285	
829	0.276489	
830	-0.174866	
831	-0.402527	
832	0.420532	
833	-0.314026	
834	0.292664	
835	-0.166016	
836	-0.39917	
837	0.412903	
838	-0.329895	
839	0.276794	
840	-0.169678	
841	-0.404663	
842	0.436096	
843	-0.320435	
844	0.287476	
845	-0.169678	
846	-0.409241	
847	0.415649	
848	-0.330811	
849	0.288086	
850	-0.164185	
851	-0.408325	
852	0.424805	
853	-0.327759	
854	0.273743	
855	-0.172424	
856	-0.421448	
857	0.42572	
858	-0.312195	
859	0.290833	
860	-0.163574	
861	-0.419922	
862	0.415344	
863	-0.324402	
864	0.276489	
865	-0.166016	
866	-0.421143	
867	0.433044	
868	-0.31189	
869	0.280762	
870	-0.169373	
871	-0.423279	
872	0.415955	
873	-0.327759	
874	0.288696	
875	-0.160828	
876	-0.417175	
877	0.424805	
878	-0.335388	
879	0.271606	
880	-0.168762	
881	-0.433655	
882	0.432434	
883	-0.322266	
884	0.28595	
885	-0.162659	
886	-0.420837	
887	0.41626	
888	-0.327759	
889	0.275879	
890	-0.161743	
891	-0.418396	
892	0.43335	
893	-0.317383	
894	0.274353	
895	-0.168152	
896	-0.426331	
897	0.415649	
898	-0.320129	
899	0.28717	
900	-0.158691	
901	-0.41748	
902	0.41626	
903	-0.320129	
904	0.270691	
905	-0.167236	
906	-0.422668	
907	0.429077	
908	-0.314636	
909	0.283203	
910	-0.162659	
911	-0.424194	
912	0.40802	
913	-0.324097	
914	0.278625	
915	-0.159607	
916	-0.418091	
917	0.423279	
918	-0.317078	
919	0.268555	
920	-0.165405	
921	-0.426941	
922	0.414734	
923	-0.322876	
924	0.284119	
925	-0.157166	
926	-0.419006	
927	0.406189	
928	-0.313416	
929	0.26947	
930	-0.162048	
931	-0.418091	
932	0.4245	
933	-0.32196	
934	0.279846	
935	-0.162964	
936	-0.420227	
937	0.40802	
938	-0.317078	
939	0.280762	
940	-0.15686	
941	-0.420837	
942	0.417786	
943	-0.326538	
944	0.266724	
945	-0.163574	
946	-0.422668	
947	0.418701	
948	-0.311279	
949	0.281067	
950	-0.155945	
951	-0.418701	
952	0.403137	
953	-0.313416	
954	0.26825	
955	-0.158691	
956	-0.421753	
957	0.421448	
958	-0.310059	
959	0.272522	
960	-0.161133	
961	-0.421143	
962	0.407104	
963	-0.308533	
964	0.280151	
965	-0.154419	
966	-0.415649	
967	0.412903	
968	-0.314941	
969	0.263977	
970	-0.162659	
971	-0.426941	
972	0.4245	
973	-0.303345	
974	0.279236	
975	-0.155334	
976	-0.417175	
977	0.402832	
978	-0.317688	
979	0.269165	
980	-0.15564	
981	-0.41748	
982	0.421753	
983	-0.304871	
984	0.263672	
985	-0.160828	
986	-0.419922	
987	0.40802	
988	-0.307007	
989	0.279236	
990	-0.151367	
991	-0.418091	
992	0.40863	
993	-0.307922	
994	0.262146	
995	-0.159912	
996	-0.418701	
997	0.429382	
998	-0.298157	
999	0.274353	
1000	-0.15564	
