Scan	  Chan 1	

1	0.419922	
2	-0.328369	
3	0.274658	
4	-0.170898	
5	-0.423279	
6	0.436096	
7	-0.306396	
8	0.28717	
9	-0.169373	
10	-0.428772	
11	0.418701	
12	-0.328064	
13	0.286865	
14	-0.163879	
15	-0.415649	
16	0.435181	
17	-0.332642	
18	0.274048	
19	-0.170593	
20	-0.426636	
21	0.427246	
22	-0.320129	
23	0.291138	
24	-0.163574	
25	-0.418091	
26	0.420532	
27	-0.328674	
28	0.275879	
29	-0.169983	
30	-0.414734	
31	0.432129	
32	-0.324707	
33	0.284424	
34	-0.170898	
35	-0.420227	
36	0.41748	
37	-0.322266	
38	0.290222	
39	-0.16449	
40	-0.413208	
41	0.429382	
42	-0.328979	
43	0.274353	
44	-0.173035	
45	-0.421753	
46	0.430908	
47	-0.322876	
48	0.289307	
49	-0.166016	
50	-0.415344	
51	0.413513	
52	-0.336304	
53	0.277405	
54	-0.167236	
55	-0.412903	
56	0.433044	
57	-0.322571	
58	0.280151	
59	-0.172119	
60	-0.419922	
61	0.41748	
62	-0.324402	
63	0.292053	
64	-0.165405	
65	-0.408936	
66	0.42572	
67	-0.327759	
68	0.274048	
69	-0.17395	
70	-0.415344	
71	0.430603	
72	-0.323486	
73	0.289307	
74	-0.168457	
75	-0.414124	
76	0.414734	
77	-0.331421	
78	0.281982	
79	-0.166321	
80	-0.410156	
81	0.437012	
82	-0.321655	
83	0.277405	
84	-0.173645	
85	-0.419006	
86	0.418091	
87	-0.325623	
88	0.291748	
89	-0.164795	
90	-0.409851	
91	0.41748	
92	-0.330505	
93	0.276794	
94	-0.171509	
95	-0.413818	
96	0.436401	
97	-0.318909	
98	0.289612	
99	-0.169983	
100	-0.415344	
101	0.415344	
102	-0.332947	
103	0.285645	
104	-0.165405	
105	-0.407104	
106	0.432129	
107	-0.325928	
108	0.274658	
109	-0.174255	
110	-0.414429	
111	0.423889	
112	-0.318909	
113	0.293884	
114	-0.1651	
115	-0.410156	
116	0.412903	
117	-0.325623	
118	0.2771	
119	-0.170898	
120	-0.408325	
121	0.434875	
122	-0.319824	
123	0.28656	
124	-0.172119	
125	-0.413513	
126	0.415344	
127	-0.328064	
128	0.291138	
129	-0.1651	
130	-0.412903	
131	0.433044	
132	-0.323792	
133	0.274963	
134	-0.17334	
135	-0.410461	
136	0.426941	
137	-0.313416	
138	0.292664	
139	-0.166321	
140	-0.411987	
141	0.415344	
142	-0.329285	
143	0.27771	
144	-0.166931	
145	-0.406189	
146	0.430298	
147	-0.319824	
148	0.282288	
149	-0.173035	
150	-0.414124	
151	0.415649	
152	-0.324707	
153	0.291443	
154	-0.166016	
155	-0.40741	
156	0.422974	
157	-0.325928	
158	0.274658	
159	-0.174866	
160	-0.412292	
161	0.431824	
162	-0.332642	
163	0.290833	
164	-0.166626	
165	-0.421448	
166	0.411987	
167	-0.332336	
168	0.279846	
169	-0.166321	
170	-0.410461	
171	0.429993	
172	-0.31311	
173	0.279541	
174	-0.171509	
175	-0.422974	
176	0.41748	
177	-0.323486	
178	0.292358	
179	-0.16571	
180	-0.408325	
181	0.416565	
182	-0.330505	
183	0.275879	
184	-0.174255	
185	-0.413208	
186	0.433044	
187	-0.325623	
188	0.290222	
189	-0.169678	
190	-0.420532	
191	0.415955	
192	-0.335693	
193	0.285034	
194	-0.167236	
195	-0.409851	
196	0.43457	
197	-0.307312	
198	0.274353	
199	-0.174255	
200	-0.417786	
201	0.424194	
202	-0.327759	
203	0.292358	
204	-0.166321	
205	-0.412598	
206	0.418701	
207	-0.309753	
208	0.276489	
209	-0.172424	
210	-0.420837	
211	0.435486	
212	-0.322876	
213	0.28717	
214	-0.170898	
215	-0.418396	
216	0.415649	
217	-0.31311	
218	0.289612	
219	-0.1651	
220	-0.418091	
221	0.428162	
222	-0.335388	
223	0.272827	
224	-0.172119	
225	-0.418396	
226	0.428772	
227	-0.309753	
228	0.291443	
229	-0.164795	
230	-0.41626	
231	0.412903	
232	-0.337524	
233	0.27771	
234	-0.169983	
235	-0.414429	
236	0.433044	
237	-0.317078	
238	0.281982	
239	-0.171204	
240	-0.417786	
241	0.415344	
242	-0.331421	
243	0.291748	
244	-0.16571	
245	-0.412598	
246	0.424805	
247	-0.324402	
248	0.275269	
249	-0.171204	
250	-0.415955	
251	0.431213	
252	-0.319214	
253	0.289612	
254	-0.166321	
255	-0.417175	
256	0.418091	
257	-0.328064	
258	0.280151	
259	-0.167236	
260	-0.416565	
261	0.429993	
262	-0.327759	
263	0.2771	
264	-0.170898	
265	-0.419617	
266	0.421448	
267	-0.313416	
268	0.292053	
269	-0.163879	
270	-0.413513	
271	0.415344	
272	-0.330505	
273	0.274963	
274	-0.173035	
275	-0.414429	
276	0.435486	
277	-0.325928	
278	0.289612	
279	-0.169373	
280	-0.415955	
281	0.418396	
282	-0.319214	
283	0.284424	
284	-0.165405	
285	-0.413818	
286	0.428467	
287	-0.329895	
288	0.274048	
289	-0.17395	
290	-0.418091	
291	0.422668	
292	-0.322266	
293	0.291138	
294	-0.16449	
295	-0.414429	
296	0.422058	
297	-0.322266	
298	0.275879	
299	-0.170898	
300	-0.414429	
301	0.430908	
302	-0.322876	
303	0.287476	
304	-0.170898	
305	-0.413818	
306	0.419617	
307	-0.32135	
308	0.287476	
309	-0.164795	
310	-0.411682	
311	0.429993	
312	-0.33783	
313	0.274658	
314	-0.17334	
315	-0.415344	
316	0.430298	
317	-0.328979	
318	0.291443	
319	-0.166931	
320	-0.40802	
321	0.413513	
322	-0.326233	
323	0.277405	
324	-0.169067	
325	-0.405273	
326	0.43457	
327	-0.324707	
328	0.283813	
329	-0.172424	
330	-0.40863	
331	0.413513	
332	-0.328064	
333	0.292053	
334	-0.166016	
335	-0.400085	
336	0.423889	
337	-0.323792	
338	0.276489	
339	-0.17395	
340	-0.402832	
341	0.431519	
342	-0.32074	
343	0.291748	
344	-0.169373	
345	-0.39856	
346	0.412903	
347	-0.333252	
348	0.280762	
349	-0.169678	
350	-0.39032	
351	0.429077	
352	-0.328979	
353	0.279541	
354	-0.175171	
355	-0.394592	
356	0.41748	
357	-0.317688	
358	0.292358	
359	-0.168152	
360	-0.385437	
361	0.418701	
362	-0.327759	
363	0.276794	
364	-0.176697	
365	-0.383301	
366	0.43335	
367	-0.323792	
368	0.290833	
369	-0.172119	
370	-0.381165	
371	0.419312	
372	-0.336609	
373	0.284119	
374	-0.170593	
375	-0.370789	
376	0.431519	
377	-0.324707	
378	0.27771	
379	-0.177002	
380	-0.377502	
381	0.423279	
382	-0.327759	
383	0.294495	
384	-0.169067	
385	-0.361938	
386	0.417786	
387	-0.32196	
388	0.278015	
389	-0.175781	
390	-0.359192	
391	0.430298	
392	-0.330505	
393	0.289612	
394	-0.177002	
395	-0.359802	
396	0.418701	
397	-0.325928	
398	0.290833	
399	-0.170898	
400	-0.348206	
401	0.432129	
402	-0.322266	
403	0.276489	
404	-0.177917	
405	-0.35553	
406	0.427856	
407	-0.336609	
408	0.294495	
409	-0.171204	
410	-0.336914	
411	0.411377	
412	-0.328979	
413	0.278625	
414	-0.175171	
415	-0.328064	
416	0.435791	
417	-0.317993	
418	0.28717	
419	-0.180054	
420	-0.330811	
421	0.420227	
422	-0.339355	
423	0.29541	
424	-0.171204	
425	-0.322266	
426	0.427856	
427	-0.341187	
428	0.278931	
429	-0.179749	
430	-0.313416	
431	0.431824	
432	-0.334167	
433	0.295105	
434	-0.174255	
435	-0.30426	
436	0.413208	
437	-0.335083	
438	0.283203	
439	-0.175171	
440	-0.297852	
441	0.432434	
442	-0.330811	
443	0.283203	
444	-0.181274	
445	-0.293884	
446	0.415649	
447	-0.342102	
448	0.296936	
449	-0.174866	
450	-0.281982	
451	0.421448	
452	-0.330811	
453	0.282288	
454	-0.182495	
455	-0.274963	
456	0.433044	
457	-0.331421	
458	0.296631	
459	-0.179138	
460	-0.277405	
461	0.418091	
462	-0.333557	
463	0.288391	
464	-0.177002	
465	-0.266418	
466	0.427246	
467	-0.335693	
468	0.281067	
469	-0.184021	
470	-0.263367	
471	0.423584	
472	-0.3302	
473	0.298767	
474	-0.176697	
475	-0.256958	
476	0.415649	
477	-0.338745	
478	0.282898	
479	-0.183105	
480	-0.249329	
481	0.431519	
482	-0.330811	
483	0.296936	
484	-0.18219	
485	-0.249023	
486	0.415649	
487	-0.342102	
488	0.29541	
489	-0.177612	
490	-0.24292	
491	0.428467	
492	-0.343323	
493	0.283203	
494	-0.186157	
495	-0.24292	
496	0.420227	
497	-0.337524	
498	0.300293	
499	-0.177002	
500	-0.237122	
501	0.412903	
502	-0.348511	
503	0.284424	
504	-0.183105	
505	-0.229797	
506	0.432129	
507	-0.328979	
508	0.295105	
509	-0.184326	
510	-0.231934	
511	0.413818	
512	-0.328369	
513	0.299072	
514	-0.177917	
515	-0.222473	
516	0.423584	
517	-0.323486	
518	0.282898	
519	-0.186768	
520	-0.226135	
521	0.429382	
522	-0.331421	
523	0.300598	
524	-0.179749	
525	-0.228577	
526	0.40863	
527	-0.34729	
528	0.289307	
529	-0.181274	
530	-0.215454	
531	0.432739	
532	-0.317993	
533	0.289917	
534	-0.185242	
535	-0.230408	
536	0.412292	
537	-0.339661	
538	0.302124	
539	-0.179138	
540	-0.210571	
541	0.422058	
542	-0.325928	
543	0.284424	
544	-0.186768	
545	-0.212097	
546	0.423279	
547	-0.325623	
548	0.298767	
549	-0.182495	
550	-0.210876	
551	0.410156	
552	-0.328064	
553	0.291138	
554	-0.181885	
555	-0.210876	
556	0.422668	
557	-0.347595	
558	0.28656	
559	-0.187073	
560	-0.21637	
561	0.415344	
562	-0.334167	
563	0.300903	
564	-0.178833	
565	-0.209351	
566	0.415344	
567	-0.325623	
568	0.286255	
569	-0.185547	
570	-0.206909	
571	0.43335	
572	-0.323792	
573	0.298157	
574	-0.184937	
575	-0.213013	
576	0.414429	
577	-0.348816	
578	0.296326	
579	-0.179443	
580	-0.201111	
581	0.428162	
582	-0.3302	
583	0.283508	
584	-0.186768	
585	-0.207825	
586	0.422974	
587	-0.330811	
588	0.301514	
589	-0.177917	
590	-0.205383	
591	0.407104	
592	-0.332642	
593	0.286255	
594	-0.184326	
595	-0.201111	
596	0.427551	
597	-0.335083	
598	0.296936	
599	-0.185242	
600	-0.210876	
601	0.414429	
602	-0.341797	
603	0.299988	
604	-0.180054	
605	-0.195618	
606	0.427856	
607	-0.331421	
608	0.28595	
609	-0.185852	
610	-0.202332	
611	0.423279	
612	-0.328674	
613	0.300903	
614	-0.180969	
615	-0.198669	
616	0.415039	
617	-0.348206	
618	0.289612	
619	-0.182495	
620	-0.189819	
621	0.426941	
622	-0.339661	
623	0.292053	
624	-0.188293	
625	-0.197754	
626	0.411987	
627	-0.335693	
628	0.30365	
629	-0.18219	
630	-0.185242	
631	0.416565	
632	-0.329895	
633	0.285645	
634	-0.189209	
635	-0.187988	
636	0.426941	
637	-0.341187	
638	0.300903	
639	-0.183716	
640	-0.194702	
641	0.411377	
642	-0.337219	
643	0.292969	
644	-0.183411	
645	-0.174866	
646	0.430603	
647	-0.327759	
648	0.289307	
649	-0.190735	
650	-0.1828	
651	0.415649	
652	-0.33783	
653	0.304565	
654	-0.181885	
655	-0.170288	
656	0.419617	
657	-0.334473	
658	0.287781	
659	-0.190125	
660	-0.169678	
661	0.432739	
662	-0.338745	
663	0.302429	
664	-0.187073	
665	-0.172424	
666	0.41748	
667	-0.340271	
668	0.300293	
669	-0.183411	
670	-0.15686	
671	0.427246	
672	-0.322571	
673	0.288391	
674	-0.190125	
675	-0.161438	
676	0.426025	
677	-0.325623	
678	0.304871	
679	-0.184937	
680	-0.155945	
681	0.422363	
682	-0.342712	
683	0.289917	
684	-0.189209	
685	-0.145569	
686	0.431213	
687	-0.336914	
688	0.299683	
689	-0.190735	
690	-0.152893	
691	0.415344	
692	-0.331116	
693	0.304565	
694	-0.184326	
695	-0.141602	
696	0.431519	
697	-0.344543	
698	0.288086	
699	-0.193481	
700	-0.142212	
701	0.428162	
702	-0.335388	
703	0.305481	
704	-0.184326	
705	-0.131836	
706	0.413208	
707	-0.343018	
708	0.292358	
709	-0.188599	
710	-0.130615	
711	0.43335	
712	-0.332031	
713	0.296326	
714	-0.192871	
715	-0.126953	
716	0.427856	
717	-0.338745	
718	0.308228	
719	-0.186462	
720	-0.115356	
721	0.429382	
722	-0.340271	
723	0.289612	
724	-0.194397	
725	-0.115967	
726	0.436707	
727	-0.341797	
728	0.305786	
729	-0.189514	
730	-0.113525	
731	0.426025	
732	-0.357056	
733	0.2948	
734	-0.188293	
735	-0.101624	
736	0.444336	
737	-0.345459	
738	0.292969	
739	-0.196228	
740	-0.106812	
741	0.427551	
742	-0.3479	
743	0.308533	
744	-0.187378	
745	-0.0958252	
746	0.427551	
747	-0.354004	
748	0.291138	
749	-0.195007	
750	-0.0985718	
751	0.446472	
752	-0.341492	
753	0.305481	
754	-0.192871	
755	-0.093689	
756	0.428162	
757	-0.357361	
758	0.301208	
759	-0.189819	
760	-0.0790405	
761	0.439148	
762	-0.331421	
763	0.290222	
764	-0.198364	
765	-0.0854492	
766	0.426331	
767	-0.334473	
768	0.309143	
769	-0.189514	
770	-0.0759888	
771	0.430603	
772	-0.346069	
773	0.293579	
774	-0.196228	
775	-0.0689697	
776	0.440063	
777	-0.336304	
778	0.304871	
779	-0.195923	
780	-0.0744629	
781	0.429382	
782	-0.359802	
783	0.306396	
784	-0.19165	
785	-0.0570679	
786	0.438538	
787	-0.356445	
788	0.291138	
789	-0.200195	
790	-0.0695801	
791	0.439758	
792	-0.348816	
793	0.308838	
794	-0.19104	
795	-0.0561523	
796	0.428772	
797	-0.354309	
798	0.294189	
799	-0.193787	
800	-0.0454712	
801	0.441589	
802	-0.340881	
803	0.300293	
804	-0.19989	
805	-0.0534058	
806	0.422363	
807	-0.357666	
808	0.309143	
809	-0.192566	
810	-0.0357056	
811	0.430908	
812	-0.347595	
813	0.292053	
814	-0.202026	
815	-0.0375366	
816	0.441895	
817	-0.338745	
818	0.308533	
819	-0.194397	
820	-0.0375366	
821	0.417786	
822	-0.357361	
823	0.296631	
824	-0.196228	
825	-0.0247192	
826	0.43335	
827	-0.354004	
828	0.297241	
829	-0.202026	
830	-0.0299072	
831	0.419006	
832	-0.343323	
833	0.312195	
834	-0.194702	
835	-0.0183105	
836	0.42572	
837	-0.353394	
838	0.295105	
839	-0.203552	
840	-0.0164795	
841	0.430298	
842	-0.340271	
843	0.308838	
844	-0.19928	
845	-0.0149536	
846	0.414124	
847	-0.351562	
848	0.303955	
849	-0.196228	
850	-0.00396729	
851	0.43457	
852	-0.337219	
853	0.296326	
854	-0.204468	
855	-0.00823975	
856	0.422974	
857	-0.349121	
858	0.312805	
859	-0.197754	
860	-0.000610352	
861	0.414734	
862	-0.349731	
863	0.296631	
864	-0.204773	
865	0.00610352	
866	0.43457	
867	-0.336304	
868	0.308838	
869	-0.202942	
870	0	
871	0.422058	
872	-0.354919	
873	0.308228	
874	-0.19928	
875	0.0198364	
876	0.435181	
877	-0.35614	
878	0.296021	
879	-0.20813	
880	0.0143433	
881	0.429077	
882	-0.335693	
883	0.3125	
884	-0.19928	
885	0.0183105	
886	0.419922	
887	-0.364075	
888	0.297852	
889	-0.204468	
890	0.0296021	
891	0.435791	
892	-0.348511	
893	0.304871	
894	-0.207214	
895	0.0283813	
896	0.416565	
897	-0.353699	
898	0.311584	
899	-0.201416	
900	0.0393677	
901	0.42572	
902	-0.342712	
903	0.297241	
904	-0.209961	
905	0.0326538	
906	0.430603	
907	-0.351868	
908	0.312195	
909	-0.204468	
910	0.0439453	
911	0.420227	
912	-0.347595	
913	0.299988	
914	-0.206604	
915	0.0613403	
916	0.429382	
917	-0.345154	
918	0.300293	
919	-0.212097	
920	0.0558472	
921	0.41748	
922	-0.352783	
923	0.314941	
924	-0.203857	
925	0.0708008	
926	0.422668	
927	-0.354919	
928	0.296631	
929	-0.213623	
930	0.0769043	
931	0.434265	
932	-0.358276	
933	0.312195	
934	-0.209351	
935	0.0765991	
936	0.414429	
937	-0.357056	
938	0.30365	
939	-0.207825	
940	0.0949097	
941	0.430298	
942	-0.348206	
943	0.299072	
944	-0.214233	
945	0.0875854	
946	0.42572	
947	-0.345459	
948	0.313416	
949	-0.207825	
950	0.110779	
951	0.422974	
952	-0.352783	
953	0.299988	
954	-0.214844	
955	0.115662	
956	0.43457	
957	-0.362244	
958	0.311279	
959	-0.215149	
960	0.106812	
961	0.420532	
962	-0.368958	
963	0.310669	
964	-0.210876	
965	0.133667	
966	0.43335	
967	-0.352478	
968	0.296936	
969	-0.217285	
970	0.129089	
971	0.427856	
972	-0.362549	
973	0.314941	
974	-0.211487	
975	0.140991	
976	0.415649	
977	-0.352783	
978	0.299683	
979	-0.215759	
980	0.155029	
981	0.437012	
982	-0.357361	
983	0.308228	
984	-0.219116	
985	0.141296	
986	0.429382	
987	-0.35614	
988	0.315552	
989	-0.212097	
990	0.160522	
991	0.429382	
992	-0.371399	
993	0.296631	
994	-0.222473	
995	0.148621	
996	0.432739	
997	-0.350342	
998	0.316162	
999	-0.215149	
1000	0.150757	
