Scan	  Chan 1	

1	0.117188	
2	0.414429	
3	-0.366516	
4	0.317383	
5	-0.245056	
6	0.163574	
7	0.396423	
8	-0.386658	
9	0.294189	
10	-0.24231	
11	0.171814	
12	0.413513	
13	-0.370178	
14	0.293579	
15	-0.25177	
16	0.154114	
17	0.403442	
18	-0.375366	
19	0.321045	
20	-0.23468	
21	0.145569	
22	0.419312	
23	-0.371704	
24	0.299683	
25	-0.249023	
26	0.15686	
27	0.420532	
28	-0.368652	
29	0.321655	
30	-0.23407	
31	0.154114	
32	0.400696	
33	-0.383301	
34	0.274658	
35	-0.242615	
36	0.166016	
37	0.424805	
38	-0.366821	
39	0.303955	
40	-0.235291	
41	0.115662	
42	0.414124	
43	-0.363464	
44	0.320129	
45	-0.237427	
46	0.163879	
47	0.405579	
48	-0.370483	
49	0.299683	
50	-0.236206	
51	0.15564	
52	0.415649	
53	-0.372009	
54	0.291138	
55	-0.238342	
56	0.149536	
57	0.410156	
58	-0.371399	
59	0.309143	
60	-0.224915	
61	0.117188	
62	0.422974	
63	-0.362854	
64	0.297241	
65	-0.241394	
66	0.147095	
67	0.411682	
68	-0.361938	
69	0.309448	
70	-0.226135	
71	0.15686	
72	0.401001	
73	-0.369263	
74	0.268555	
75	-0.237122	
76	0.158997	
77	0.417786	
78	-0.359192	
79	0.303345	
80	-0.226135	
81	0.108337	
82	0.410156	
83	-0.353699	
84	0.305786	
85	-0.224304	
86	0.155945	
87	0.422974	
88	-0.363464	
89	0.291138	
90	-0.228882	
91	0.144653	
92	0.414124	
93	-0.360718	
94	0.283508	
95	-0.227051	
96	0.147705	
97	0.410767	
98	-0.367737	
99	0.293884	
100	-0.220032	
101	0.12207	
102	0.4245	
103	-0.343018	
104	0.294189	
105	-0.219116	
106	0.140686	
107	0.412903	
108	-0.360107	
109	0.310974	
110	-0.215759	
111	0.154724	
112	0.412903	
113	-0.361633	
114	0.252991	
115	-0.230103	
116	0.148621	
117	0.427856	
118	-0.354614	
119	0.307617	
120	-0.212708	
121	0.102234	
122	0.410767	
123	-0.356445	
124	0.292053	
125	-0.204773	
126	0.154419	
127	0.428772	
128	-0.345154	
129	0.2948	
130	-0.219727	
131	0.13916	
132	0.408936	
133	-0.358276	
134	0.266418	
135	-0.215149	
136	0.151978	
137	0.420532	
138	-0.36499	
139	0.290833	
140	-0.209351	
141	0.111084	
142	0.430908	
143	-0.348816	
144	0.298767	
145	-0.202942	
146	0.140381	
147	0.421448	
148	-0.365906	
149	0.303955	
150	-0.20752	
151	0.151367	
152	0.420532	
153	-0.352173	
154	0.26001	
155	-0.220032	
156	0.140076	
157	0.427551	
158	-0.356445	
159	0.302429	
160	-0.202637	
161	0.110168	
162	0.419006	
163	-0.352478	
164	0.286865	
165	-0.194092	
166	0.1474	
167	0.436707	
168	-0.355835	
169	0.297852	
170	-0.210571	
171	0.129395	
172	0.415955	
173	-0.343933	
174	0.272827	
175	-0.205078	
176	0.133362	
177	0.427856	
178	-0.358887	
179	0.287781	
180	-0.207825	
181	0.0756836	
182	0.427246	
183	-0.341797	
184	0.304871	
185	-0.189514	
186	0.0933838	
187	0.421448	
188	-0.351562	
189	0.293884	
190	-0.200806	
191	0.0891113	
192	0.41748	
193	-0.346985	
194	0.256042	
195	-0.20752	
196	0.0497437	
197	0.424194	
198	-0.336609	
199	0.301208	
200	-0.193787	
201	0.0302124	
202	0.404663	
203	-0.357361	
204	0.287476	
205	-0.186157	
206	0.0274658	
207	0.427856	
208	-0.337219	
209	0.298157	
210	-0.198059	
211	0.0146484	
212	0.403748	
213	-0.340271	
214	0.263672	
215	-0.196228	
216	0.0161743	
217	0.427551	
218	-0.345459	
219	0.283813	
220	-0.197754	
221	-0.0216675	
222	0.41626	
223	-0.346069	
224	0.30365	
225	-0.17395	
226	0.00152588	
227	0.406189	
228	-0.349121	
229	0.284424	
230	-0.195618	
231	-0.00701904	
232	0.413818	
233	-0.345459	
234	0.267029	
235	-0.198364	
236	-0.0192261	
237	0.411682	
238	-0.351257	
239	0.298157	
240	-0.188599	
241	-0.0259399	
242	0.411682	
243	-0.33783	
244	0.282288	
245	-0.176392	
246	-0.020752	
247	0.416565	
248	-0.344543	
249	0.297852	
250	-0.192261	
251	-0.0314331	
252	0.405273	
253	-0.350037	
254	0.266418	
255	-0.189514	
256	-0.0262451	
257	0.428772	
258	-0.341797	
259	0.283203	
260	-0.193787	
261	-0.065918	
262	0.413818	
263	-0.334778	
264	0.302734	
265	-0.161743	
266	-0.0384521	
267	0.388184	
268	-0.347595	
269	0.279236	
270	-0.193481	
271	-0.0537109	
272	0.428467	
273	-0.328064	
274	0.275574	
275	-0.187988	
276	-0.0665283	
277	0.409546	
278	-0.335693	
279	0.290222	
280	-0.185242	
281	-0.0799561	
282	0.428772	
283	-0.336304	
284	0.282288	
285	-0.16449	
286	-0.083313	
287	0.410767	
288	-0.336304	
289	0.296936	
290	-0.181885	
291	-0.0900269	
292	0.411987	
293	-0.337524	
294	0.263977	
295	-0.187378	
296	-0.0961304	
297	0.429077	
298	-0.340881	
299	0.290222	
300	-0.186768	
301	-0.127563	
302	0.415955	
303	-0.323486	
304	0.297852	
305	-0.149536	
306	-0.118713	
307	0.414429	
308	-0.345459	
309	0.27832	
310	-0.189209	
311	-0.142822	
312	0.422058	
313	-0.324402	
314	0.278625	
315	-0.175781	
316	-0.1474	
317	0.405579	
318	-0.350342	
319	0.283203	
320	-0.177612	
321	-0.163879	
322	0.427856	
323	-0.328064	
324	0.282898	
325	-0.154419	
326	-0.172424	
327	0.394592	
328	-0.333252	
329	0.296631	
330	-0.176697	
331	-0.175171	
332	0.413818	
333	-0.338745	
334	0.264893	
335	-0.180664	
336	-0.196838	
337	0.424805	
338	-0.332642	
339	0.293884	
340	-0.177917	
341	-0.209351	
342	0.411072	
343	-0.343933	
344	0.282288	
345	-0.142212	
346	-0.212708	
347	0.409851	
348	-0.327454	
349	0.276794	
350	-0.180664	
351	-0.221558	
352	0.419312	
353	-0.32135	
354	0.282288	
355	-0.170288	
356	-0.231934	
357	0.417175	
358	-0.326538	
359	0.274963	
360	-0.176697	
361	-0.247498	
362	0.432434	
363	-0.328979	
364	0.281067	
365	-0.151978	
366	-0.245972	
367	0.396423	
368	-0.325928	
369	0.285645	
370	-0.171509	
371	-0.254822	
372	0.421448	
373	-0.318909	
374	0.260925	
375	-0.175476	
376	-0.283813	
377	0.428467	
378	-0.305786	
379	0.288391	
380	-0.168762	
381	-0.293579	
382	0.413818	
383	-0.335693	
384	0.266724	
385	-0.148621	
386	-0.292053	
387	0.412903	
388	-0.326233	
389	0.276794	
390	-0.175781	
391	-0.323486	
392	0.419312	
393	-0.330505	
394	0.274963	
395	-0.163574	
396	-0.324097	
397	0.420227	
398	-0.311279	
399	0.270386	
400	-0.17334	
401	-0.343628	
402	0.431213	
403	-0.335083	
404	0.275269	
405	-0.145264	
406	-0.350342	
407	0.402527	
408	-0.3302	
409	0.274658	
410	-0.167847	
411	-0.367432	
412	0.424194	
413	-0.325012	
414	0.258484	
415	-0.168152	
416	-0.392151	
417	0.419006	
418	-0.305786	
419	0.285034	
420	-0.162048	
421	-0.391235	
422	0.415649	
423	-0.336914	
424	0.259399	
425	-0.145874	
426	-0.403137	
427	0.424805	
428	-0.315857	
429	0.280151	
430	-0.167847	
431	-0.407715	
432	0.415039	
433	-0.325012	
434	0.268555	
435	-0.157471	
436	-0.404663	
437	0.43335	
438	-0.289612	
439	0.266113	
440	-0.168762	
441	-0.415649	
442	0.423584	
443	-0.319519	
444	0.26947	
445	-0.135193	
446	-0.413818	
447	0.404663	
448	-0.319824	
449	0.265198	
450	-0.162964	
451	-0.417786	
452	0.428467	
453	-0.319824	
454	0.261841	
455	-0.162659	
456	-0.422974	
457	0.41626	
458	-0.31189	
459	0.280762	
460	-0.158081	
461	-0.419922	
462	0.419312	
463	-0.317993	
464	0.25116	
465	-0.148621	
466	-0.422668	
467	0.413513	
468	-0.314026	
469	0.262756	
470	-0.160828	
471	-0.42511	
472	0.406494	
473	-0.323181	
474	0.261536	
475	-0.157166	
476	-0.421143	
477	0.42511	
478	-0.301819	
479	0.267334	
480	-0.164185	
481	-0.42511	
482	0.40741	
483	-0.314636	
484	0.269165	
485	-0.140991	
486	-0.418396	
487	0.397644	
488	-0.319519	
489	0.247192	
490	-0.163879	
491	-0.422668	
492	0.420227	
493	-0.314026	
494	0.267944	
495	-0.155945	
496	-0.423889	
497	0.400391	
498	-0.289612	
499	0.273132	
500	-0.154114	
501	-0.420227	
502	0.410767	
503	-0.306091	
504	0.253296	
505	-0.145874	
506	-0.420837	
507	0.405273	
508	-0.298157	
509	0.244751	
510	-0.155029	
511	-0.417175	
512	0.392151	
513	-0.313416	
514	0.25238	
515	-0.154419	
516	-0.417175	
517	0.413818	
518	-0.293579	
519	0.266418	
520	-0.158691	
521	-0.421448	
522	0.393372	
523	-0.310059	
524	0.266418	
525	-0.134277	
526	-0.413818	
527	0.404358	
528	-0.310364	
529	0.231323	
530	-0.160522	
531	-0.422974	
532	0.405273	
533	-0.296936	
534	0.264282	
535	-0.147705	
536	-0.41626	
537	0.388794	
538	-0.296326	
539	0.260925	
540	-0.148926	
541	-0.415649	
542	0.401611	
543	-0.300293	
544	0.249023	
545	-0.144348	
546	-0.418701	
547	0.392151	
548	-0.306396	
549	0.245056	
550	-0.150146	
551	-0.415344	
552	0.401611	
553	-0.309753	
554	0.249634	
555	-0.153503	
556	-0.421753	
557	0.401611	
558	-0.285645	
559	0.26886	
560	-0.148926	
561	-0.423279	
562	0.39093	
563	-0.307922	
564	0.253601	
565	-0.139771	
566	-0.414429	
567	0.39093	
568	-0.30365	
569	0.233765	
570	-0.157166	
571	-0.426941	
572	0.405273	
573	-0.298462	
574	0.261841	
575	-0.141602	
576	-0.422058	
577	0.390015	
578	-0.294495	
579	0.249939	
580	-0.145264	
581	-0.417175	
582	0.430603	
583	-0.300598	
584	0.253296	
585	-0.144043	
586	-0.419006	
587	0.383606	
588	-0.307922	
589	0.235901	
590	-0.147095	
591	-0.41687	
592	0.419312	
593	-0.305481	
594	0.241394	
595	-0.14679	
596	-0.419617	
597	0.389099	
598	-0.289917	
599	0.26123	
600	-0.139465	
601	-0.414429	
602	0.384827	
603	-0.307007	
604	0.246582	
605	-0.137939	
606	-0.417175	
607	0.404663	
608	-0.300293	
609	0.205078	
610	-0.150757	
611	-0.418091	
612	0.403137	
613	-0.301514	
614	0.256348	
615	-0.134583	
616	-0.412903	
617	0.38147	
618	-0.298767	
619	0.243225	
620	-0.145264	
621	-0.41687	
622	0.413208	
623	-0.29541	
624	0.254211	
625	-0.137329	
626	-0.416565	
627	0.380249	
628	-0.305786	
629	0.214844	
630	-0.142822	
631	-0.418091	
632	0.402832	
633	-0.2948	
634	0.240173	
635	-0.140991	
636	-0.418091	
637	0.371704	
638	-0.293274	
639	0.25238	
640	-0.131836	
641	-0.407715	
642	0.371399	
643	-0.301819	
644	0.237122	
645	-0.13916	
646	-0.418701	
647	0.374146	
648	-0.295105	
649	0.214539	
650	-0.143127	
651	-0.418701	
652	0.377808	
653	-0.298767	
654	0.245361	
655	-0.126343	
656	-0.408936	
657	0.378113	
658	-0.2948	
659	0.235901	
660	-0.133972	
661	-0.414124	
662	0.392761	
663	-0.293274	
664	0.247192	
665	-0.130005	
666	-0.413513	
667	0.361938	
668	-0.296631	
669	0.197144	
670	-0.13855	
671	-0.408325	
672	0.379639	
673	-0.294189	
674	0.236511	
675	-0.134888	
676	-0.414124	
677	0.350037	
678	-0.293274	
679	0.245667	
680	-0.125427	
681	-0.405579	
682	0.369263	
683	-0.298767	
684	0.230408	
685	-0.134888	
686	-0.413208	
687	0.358887	
688	-0.288086	
689	0.205383	
690	-0.135193	
691	-0.40741	
692	0.352478	
693	-0.300903	
694	0.233154	
695	-0.123291	
696	-0.412598	
697	0.364075	
698	-0.288391	
699	0.228577	
700	-0.12207	
701	-0.414429	
702	0.369263	
703	-0.293884	
704	0.239258	
705	-0.126038	
706	-0.410156	
707	0.337524	
708	-0.292053	
709	0.19043	
710	-0.138245	
711	-0.414429	
712	0.35675	
713	-0.291138	
714	0.23468	
715	-0.127258	
716	-0.414124	
717	0.352478	
718	-0.290527	
719	0.234985	
720	-0.113831	
721	-0.407104	
722	0.342407	
723	-0.296936	
724	0.222168	
725	-0.135193	
726	-0.414429	
727	0.360718	
728	-0.281067	
729	0.2005	
730	-0.131226	
731	-0.409241	
732	0.343933	
733	-0.297241	
734	0.219421	
735	-0.126343	
736	-0.410156	
737	0.364685	
738	-0.285339	
739	0.22522	
740	-0.120239	
741	-0.424194	
742	0.323486	
743	-0.296326	
744	0.232239	
745	-0.127869	
746	-0.409241	
747	0.351257	
748	-0.289001	
749	0.19043	
750	-0.136719	
751	-0.418396	
752	0.358276	
753	-0.289917	
754	0.227356	
755	-0.123596	
756	-0.411377	
757	0.35614	
758	-0.288391	
759	0.218201	
760	-0.107422	
761	-0.40802	
762	0.325928	
763	-0.292053	
764	0.214539	
765	-0.116577	
766	-0.416565	
767	0.3302	
768	-0.280457	
769	0.198669	
770	-0.105896	
771	-0.404968	
772	0.335693	
773	-0.296631	
774	0.212402	
775	-0.100098	
776	-0.411987	
777	0.366211	
778	-0.279846	
779	0.220032	
780	-0.0708008	
781	-0.414124	
782	0.305481	
783	-0.297241	
784	0.219727	
785	-0.0631714	
786	-0.403442	
787	0.345764	
788	-0.280457	
789	0.180054	
790	-0.0543213	
791	-0.409546	
792	0.347595	
793	-0.289307	
794	0.222168	
795	-0.0317383	
796	-0.400696	
797	0.344238	
798	-0.285645	
799	0.20874	
800	0	
801	-0.399475	
802	0.319519	
803	-0.285645	
804	0.216675	
805	-0.0186157	
806	-0.403748	
807	0.325623	
808	-0.283813	
809	0.198364	
810	0.000610352	
811	-0.389099	
812	0.339661	
813	-0.284729	
814	0.202637	
815	0.0012207	
816	-0.402527	
817	0.343933	
818	-0.280151	
819	0.216675	
820	0.0424194	
821	-0.39978	
822	0.307007	
823	-0.292664	
824	0.20813	
825	0.0250244	
826	-0.395813	
827	0.342407	
828	-0.27771	
829	0.180969	
830	0.0228882	
831	-0.394592	
832	0.332642	
833	-0.2771	
834	0.21759	
835	0.0463867	
836	-0.388184	
837	0.339966	
838	-0.284729	
839	0.198364	
840	0.0662231	
841	-0.398254	
842	0.31311	
843	-0.281677	
844	0.213318	
845	0.0509644	
846	-0.397644	
847	0.319824	
848	-0.286255	
849	0.186768	
850	0.0576782	
851	-0.398254	
852	0.338745	
853	-0.264282	
854	0.198669	
855	0.0494385	
856	-0.404663	
857	0.336914	
858	-0.278931	
859	0.212402	
860	0.093689	
861	-0.39917	
862	0.301208	
863	-0.285645	
864	0.197754	
865	0.0628662	
866	-0.411377	
867	0.342407	
868	-0.275879	
869	0.192261	
870	0.0613403	
871	-0.400696	
872	0.32135	
873	-0.264282	
874	0.208435	
875	0.0747681	
876	-0.388489	
877	0.329895	
878	-0.282288	
879	0.188599	
880	0.0946045	
881	-0.40741	
882	0.308228	
883	-0.276794	
884	0.209351	
885	0.0772095	
886	-0.402527	
887	0.317383	
888	-0.286255	
889	0.184021	
890	0.0842285	
891	-0.40802	
892	0.345154	
893	-0.255432	
894	0.198975	
895	0.083313	
896	-0.401306	
897	0.32959	
898	-0.281677	
899	0.206604	
900	0.129089	
901	-0.398254	
902	0.311584	
903	-0.281372	
904	0.19104	
905	0.0900269	
906	-0.398254	
907	0.33905	
908	-0.278015	
909	0.19104	
910	0.10437	
911	-0.400085	
912	0.322571	
913	-0.265198	
914	0.197754	
915	0.11261	
916	-0.392151	
917	0.336304	
918	-0.280457	
919	0.188904	
920	0.140381	
921	-0.398865	
922	0.3302	
923	-0.273132	
924	0.201721	
925	0.13031	
926	-0.397644	
927	0.324402	
928	-0.284729	
929	0.176086	
930	0.132751	
931	-0.395508	
932	0.354614	
933	-0.247803	
934	0.19989	
935	0.140686	
936	-0.39856	
937	0.327148	
938	-0.285034	
939	0.197449	
940	0.181885	
941	-0.386047	
942	0.32074	
943	-0.278015	
944	0.177002	
945	0.151367	
946	-0.401306	
947	0.332947	
948	-0.278015	
949	0.192261	
950	0.174561	
951	-0.395203	
952	0.328369	
953	-0.261841	
954	0.187683	
955	0.176086	
956	-0.391235	
957	0.33905	
958	-0.27832	
959	0.185852	
960	0.209351	
961	-0.389709	
962	0.314941	
963	-0.276489	
964	0.187988	
965	0.197144	
966	-0.392456	
967	0.334167	
968	-0.282288	
969	0.175781	
970	0.202332	
971	-0.396118	
972	0.344238	
973	-0.254211	
974	0.196533	
975	0.21698	
976	-0.395203	
977	0.314331	
978	-0.284119	
979	0.180664	
980	0.251465	
981	-0.39032	
982	0.328979	
983	-0.271301	
984	0.170593	
985	0.227661	
986	-0.399475	
987	0.324402	
988	-0.273743	
989	0.189209	
990	0.245361	
991	-0.393066	
992	0.325317	
993	-0.256958	
994	0.183716	
995	0.235596	
996	-0.404663	
997	0.343018	
998	-0.271301	
999	0.18158	
1000	0.270386	
