Scan	  Chan 1	

1	-0.163574	
2	-0.375366	
3	0.430603	
4	-0.308533	
5	0.270996	
6	-0.169678	
7	-0.383911	
8	0.411682	
9	-0.314026	
10	0.269165	
11	-0.13855	
12	-0.377808	
13	0.411377	
14	-0.331421	
15	0.264587	
16	-0.169983	
17	-0.39093	
18	0.430298	
19	-0.319824	
20	0.267029	
21	-0.162659	
22	-0.395508	
23	0.413208	
24	-0.318298	
25	0.270081	
26	-0.162354	
27	-0.395508	
28	0.4245	
29	-0.3302	
30	0.253906	
31	-0.147705	
32	-0.400085	
33	0.403137	
34	-0.32074	
35	0.274353	
36	-0.161438	
37	-0.39856	
38	0.40863	
39	-0.32135	
40	0.253296	
41	-0.165405	
42	-0.406189	
43	0.430603	
44	-0.290527	
45	0.27771	
46	-0.16571	
47	-0.40802	
48	0.409241	
49	-0.322266	
50	0.260315	
51	-0.142822	
52	-0.403442	
53	0.415955	
54	-0.32135	
55	0.26062	
56	-0.167236	
57	-0.420227	
58	0.414429	
59	-0.331726	
60	0.26947	
61	-0.156555	
62	-0.412292	
63	0.409546	
64	-0.307617	
65	0.266418	
66	-0.161743	
67	-0.415955	
68	0.427551	
69	-0.323181	
70	0.258484	
71	-0.150146	
72	-0.414124	
73	0.403137	
74	-0.326233	
75	0.262451	
76	-0.158386	
77	-0.410461	
78	0.416565	
79	-0.319519	
80	0.252075	
81	-0.161743	
82	-0.420532	
83	0.422668	
84	-0.310059	
85	0.272522	
86	-0.158386	
87	-0.41626	
88	0.403748	
89	-0.317383	
90	0.257874	
91	-0.140381	
92	-0.402527	
93	0.418091	
94	-0.30304	
95	0.237427	
96	-0.16571	
97	-0.420532	
98	0.413513	
99	-0.306702	
100	0.265198	
101	-0.152588	
102	-0.422668	
103	0.409546	
104	-0.303345	
105	0.261536	
106	-0.162048	
107	-0.421448	
108	0.417786	
109	-0.314636	
110	0.264893	
111	-0.148926	
112	-0.414734	
113	0.402222	
114	-0.307617	
115	0.25177	
116	-0.156555	
117	-0.418396	
118	0.41748	
119	-0.322571	
120	0.25238	
121	-0.160217	
122	-0.420227	
123	0.419312	
124	-0.30365	
125	0.272522	
126	-0.155334	
127	-0.419006	
128	0.400391	
129	-0.31189	
130	0.255127	
131	-0.148621	
132	-0.414124	
133	0.41626	
134	-0.294189	
135	0.24353	
136	-0.163574	
137	-0.427551	
138	0.404968	
139	-0.320435	
140	0.268555	
141	-0.151062	
142	-0.41626	
143	0.410156	
144	-0.302124	
145	0.257568	
146	-0.159912	
147	-0.42572	
148	0.415039	
149	-0.311584	
150	0.264587	
151	-0.1474	
152	-0.41687	
153	0.389709	
154	-0.316162	
155	0.23468	
156	-0.158081	
157	-0.420532	
158	0.414734	
159	-0.327759	
160	0.258789	
161	-0.157166	
162	-0.424805	
163	0.402832	
164	-0.30365	
165	0.270996	
166	-0.150146	
167	-0.41626	
168	0.400391	
169	-0.302429	
170	0.253601	
171	-0.152283	
172	-0.417786	
173	0.409851	
174	-0.312805	
175	0.230713	
176	-0.160522	
177	-0.421753	
178	0.403137	
179	-0.315552	
180	0.266418	
181	-0.148315	
182	-0.415649	
183	0.402832	
184	-0.301819	
185	0.252991	
186	-0.153809	
187	-0.422058	
188	0.410156	
189	-0.306396	
190	0.268555	
191	-0.146484	
192	-0.419922	
193	0.380249	
194	-0.315247	
195	0.222473	
196	-0.156555	
197	-0.418396	
198	0.411682	
199	-0.310669	
200	0.258179	
201	-0.151672	
202	-0.421448	
203	0.389709	
204	-0.296326	
205	0.270081	
206	-0.147705	
207	-0.414124	
208	0.398865	
209	-0.316162	
210	0.256653	
211	-0.153503	
212	-0.418091	
213	0.390015	
214	-0.306091	
215	0.235901	
216	-0.15686	
217	-0.42511	
218	0.391235	
219	-0.314026	
220	0.260315	
221	-0.144043	
222	-0.41687	
223	0.39093	
224	-0.307007	
225	0.256042	
226	-0.150146	
227	-0.426331	
228	0.396729	
229	-0.307312	
230	0.26947	
231	-0.147705	
232	-0.422974	
233	0.379944	
234	-0.309753	
235	0.222473	
236	-0.15686	
237	-0.41626	
238	0.404663	
239	-0.310974	
240	0.261536	
241	-0.149231	
242	-0.423889	
243	0.379639	
244	-0.306396	
245	0.266724	
246	-0.136108	
247	-0.414124	
248	0.407104	
249	-0.31311	
250	0.253601	
251	-0.153809	
252	-0.420837	
253	0.386047	
254	-0.301514	
255	0.232544	
256	-0.152283	
257	-0.41748	
258	0.391235	
259	-0.315552	
260	0.252991	
261	-0.145264	
262	-0.414124	
263	0.389404	
264	-0.292969	
265	0.256042	
266	-0.142212	
267	-0.424805	
268	0.391846	
269	-0.315857	
270	0.266113	
271	-0.143127	
272	-0.413818	
273	0.38147	
274	-0.301514	
275	0.21759	
276	-0.157776	
277	-0.41748	
278	0.40741	
279	-0.305786	
280	0.264282	
281	-0.147705	
282	-0.415955	
283	0.385437	
284	-0.297546	
285	0.260925	
286	-0.131531	
287	-0.420837	
288	0.398254	
289	-0.314026	
290	0.25238	
291	-0.153809	
292	-0.418396	
293	0.39032	
294	-0.300293	
295	0.236511	
296	-0.149231	
297	-0.408936	
298	0.395508	
299	-0.308838	
300	0.25116	
301	-0.149536	
302	-0.41626	
303	0.407715	
304	-0.292053	
305	0.264893	
306	-0.135803	
307	-0.41748	
308	0.374756	
309	-0.305176	
310	0.263062	
311	-0.144958	
312	-0.412903	
313	0.400696	
314	-0.303345	
315	0.223999	
316	-0.154419	
317	-0.413513	
318	0.400085	
319	-0.302429	
320	0.263672	
321	-0.142517	
322	-0.417175	
323	0.397949	
324	-0.305786	
325	0.255127	
326	-0.130005	
327	-0.415649	
328	0.394592	
329	-0.30426	
330	0.254517	
331	-0.153503	
332	-0.418396	
333	0.390625	
334	-0.29541	
335	0.245972	
336	-0.147095	
337	-0.408325	
338	0.394897	
339	-0.310364	
340	0.250244	
341	-0.149536	
342	-0.418396	
343	0.41748	
344	-0.296326	
345	0.263672	
346	-0.125732	
347	-0.418701	
348	0.387878	
349	-0.311584	
350	0.259399	
351	-0.147705	
352	-0.413818	
353	0.411377	
354	-0.293274	
355	0.235901	
356	-0.153809	
357	-0.418701	
358	0.386963	
359	-0.30426	
360	0.263977	
361	-0.144348	
362	-0.414429	
363	0.401306	
364	-0.305176	
365	0.248108	
366	-0.126038	
367	-0.415955	
368	0.394592	
369	-0.299988	
370	0.26062	
371	-0.153198	
372	-0.420532	
373	0.397644	
374	-0.305481	
375	0.245361	
376	-0.146484	
377	-0.411377	
378	0.394592	
379	-0.30365	
380	0.25116	
381	-0.152283	
382	-0.418396	
383	0.409546	
384	-0.301208	
385	0.258789	
386	-0.119019	
387	-0.415649	
388	0.371704	
389	-0.310974	
390	0.25177	
391	-0.148621	
392	-0.414734	
393	0.405273	
394	-0.298767	
395	0.238647	
396	-0.151672	
397	-0.418091	
398	0.40741	
399	-0.291138	
400	0.264587	
401	-0.144043	
402	-0.417175	
403	0.397949	
404	-0.305786	
405	0.241699	
406	-0.126038	
407	-0.415955	
408	0.383606	
409	-0.296021	
410	0.264282	
411	-0.148926	
412	-0.414429	
413	0.39093	
414	-0.306091	
415	0.244446	
416	-0.144043	
417	-0.411377	
418	0.402527	
419	-0.290222	
420	0.249329	
421	-0.152588	
422	-0.420837	
423	0.413513	
424	-0.303345	
425	0.256653	
426	-0.117188	
427	-0.417786	
428	0.376587	
429	-0.30426	
430	0.249329	
431	-0.148315	
432	-0.414124	
433	0.417786	
434	-0.298157	
435	0.245667	
436	-0.148315	
437	-0.417175	
438	0.391846	
439	-0.289307	
440	0.263977	
441	-0.144653	
442	-0.412292	
443	0.413513	
444	-0.310059	
445	0.241089	
446	-0.123596	
447	-0.418396	
448	0.395203	
449	-0.298462	
450	0.263977	
451	-0.14801	
452	-0.414429	
453	0.397034	
454	-0.307312	
455	0.24292	
456	-0.142517	
457	-0.414734	
458	0.414734	
459	-0.288086	
460	0.25116	
461	-0.150757	
462	-0.418091	
463	0.405579	
464	-0.301514	
465	0.250854	
466	-0.11322	
467	-0.411072	
468	0.390015	
469	-0.304565	
470	0.239868	
471	-0.151367	
472	-0.415344	
473	0.415649	
474	-0.299072	
475	0.248108	
476	-0.145264	
477	-0.41748	
478	0.392761	
479	-0.288696	
480	0.258179	
481	-0.144043	
482	-0.411377	
483	0.408936	
484	-0.305481	
485	0.242615	
486	-0.135803	
487	-0.415955	
488	0.392456	
489	-0.294495	
490	0.250854	
491	-0.143127	
492	-0.414734	
493	0.393372	
494	-0.306091	
495	0.240784	
496	-0.144653	
497	-0.413208	
498	0.420532	
499	-0.282593	
500	0.253601	
501	-0.151367	
502	-0.417786	
503	0.392151	
504	-0.305176	
505	0.252991	
506	-0.123596	
507	-0.411987	
508	0.401611	
509	-0.301514	
510	0.234985	
511	-0.152283	
512	-0.41687	
513	0.409546	
514	-0.297241	
515	0.252075	
516	-0.141296	
517	-0.414734	
518	0.386353	
519	-0.289612	
520	0.248413	
521	-0.143433	
522	-0.411987	
523	0.409241	
524	-0.300598	
525	0.239868	
526	-0.133667	
527	-0.422668	
528	0.396423	
529	-0.298462	
530	0.241089	
531	-0.142517	
532	-0.414429	
533	0.398254	
534	-0.302429	
535	0.236816	
536	-0.148315	
537	-0.409241	
538	0.409851	
539	-0.288086	
540	0.259705	
541	-0.1474	
542	-0.41626	
543	0.387878	
544	-0.306396	
545	0.247192	
546	-0.127563	
547	-0.421448	
548	0.405579	
549	-0.30365	
550	0.22522	
551	-0.151367	
552	-0.421143	
553	0.403748	
554	-0.296936	
555	0.253296	
556	-0.13855	
557	-0.411072	
558	0.397339	
559	-0.290527	
560	0.247498	
561	-0.144958	
562	-0.413818	
563	0.407104	
564	-0.298462	
565	0.245361	
566	-0.137329	
567	-0.415955	
568	0.388489	
569	-0.302124	
570	0.237427	
571	-0.142822	
572	-0.414734	
573	0.415344	
574	-0.300598	
575	0.239868	
576	-0.145569	
577	-0.412292	
578	0.410156	
579	-0.290527	
580	0.257263	
581	-0.138855	
582	-0.414124	
583	0.404358	
584	-0.30365	
585	0.244751	
586	-0.133057	
587	-0.411072	
588	0.382385	
589	-0.301819	
590	0.218811	
591	-0.150146	
592	-0.419006	
593	0.402222	
594	-0.300903	
595	0.255432	
596	-0.137024	
597	-0.410156	
598	0.376282	
599	-0.299072	
600	0.245361	
601	-0.144653	
602	-0.416565	
603	0.407104	
604	-0.296936	
605	0.255127	
606	-0.140686	
607	-0.41748	
608	0.377808	
609	-0.305481	
610	0.23468	
611	-0.143738	
612	-0.410461	
613	0.405579	
614	-0.300598	
615	0.24292	
616	-0.144043	
617	-0.417175	
618	0.389709	
619	-0.294495	
620	0.259399	
621	-0.134583	
622	-0.412598	
623	0.392456	
624	-0.305176	
625	0.241699	
626	-0.137329	
627	-0.420532	
628	0.39093	
629	-0.302124	
630	0.213623	
631	-0.149536	
632	-0.415344	
633	0.393066	
634	-0.299072	
635	0.256653	
636	-0.133972	
637	-0.411987	
638	0.410156	
639	-0.301819	
640	0.246887	
641	-0.142212	
642	-0.410156	
643	0.414734	
644	-0.298157	
645	0.253906	
646	-0.140686	
647	-0.417786	
648	0.395508	
649	-0.305481	
650	0.209351	
651	-0.144348	
652	-0.411987	
653	0.403748	
654	-0.297546	
655	0.243835	
656	-0.140076	
657	-0.424805	
658	0.393372	
659	-0.297852	
660	0.259399	
661	-0.130005	
662	-0.406189	
663	0.390015	
664	-0.307007	
665	0.243835	
666	-0.142822	
667	-0.421143	
668	0.383606	
669	-0.293579	
670	0.215454	
671	-0.147095	
672	-0.415955	
673	0.392456	
674	-0.30304	
675	0.252991	
676	-0.13855	
677	-0.419922	
678	0.397339	
679	-0.302124	
680	0.243835	
681	-0.138855	
682	-0.41687	
683	0.403442	
684	-0.299988	
685	0.257568	
686	-0.13916	
687	-0.418396	
688	0.369568	
689	-0.299988	
690	0.210266	
691	-0.144348	
692	-0.413818	
693	0.418701	
694	-0.296631	
695	0.248108	
696	-0.140686	
697	-0.421143	
698	0.397644	
699	-0.299377	
700	0.258179	
701	-0.129395	
702	-0.410461	
703	0.39856	
704	-0.305176	
705	0.242615	
706	-0.144958	
707	-0.417175	
708	0.39093	
709	-0.291138	
710	0.227051	
711	-0.145569	
712	-0.414124	
713	0.378113	
714	-0.305176	
715	0.249023	
716	-0.133667	
717	-0.413513	
718	0.403137	
719	-0.294189	
720	0.243835	
721	-0.137024	
722	-0.414734	
723	0.39032	
724	-0.299072	
725	0.259399	
726	-0.136719	
727	-0.413208	
728	0.385132	
729	-0.298462	
730	0.214233	
731	-0.14801	
732	-0.416565	
733	0.40802	
734	-0.296631	
735	0.253296	
736	-0.142212	
737	-0.415649	
738	0.395203	
739	-0.298462	
740	0.256042	
741	-0.116882	
742	-0.415649	
743	0.379333	
744	-0.304565	
745	0.242615	
746	-0.145569	
747	-0.41687	
748	0.393066	
749	-0.292664	
750	0.231323	
751	-0.139771	
752	-0.414734	
753	0.390015	
754	-0.30304	
755	0.241699	
756	-0.140381	
757	-0.413818	
758	0.409241	
759	-0.291138	
760	0.249939	
761	-0.127869	
762	-0.417175	
763	0.367126	
764	-0.30304	
765	0.257568	
766	-0.140076	
767	-0.409546	
768	0.392456	
769	-0.293884	
770	0.219727	
771	-0.149536	
772	-0.41748	
773	0.410767	
774	-0.298157	
775	0.255737	
776	-0.140381	
777	-0.415344	
778	0.387573	
779	-0.300293	
780	0.250244	
781	-0.119934	
782	-0.41687	
783	0.391235	
784	-0.302124	
785	0.24231	
786	-0.14801	
787	-0.423889	
788	0.386353	
789	-0.293274	
790	0.23468	
791	-0.140686	
792	-0.412292	
793	0.377197	
794	-0.302124	
795	0.24292	
796	-0.144043	
797	-0.416565	
798	0.41626	
799	-0.292664	
800	0.253601	
801	-0.123901	
802	-0.417786	
803	0.371399	
804	-0.302124	
805	0.256348	
806	-0.140686	
807	-0.413513	
808	0.411072	
809	-0.29541	
810	0.225525	
811	-0.148621	
812	-0.417786	
813	0.403748	
814	-0.289917	
815	0.257263	
816	-0.141296	
817	-0.420837	
818	0.39093	
819	-0.30365	
820	0.240173	
821	-0.115662	
822	-0.415955	
823	0.389099	
824	-0.296326	
825	0.248718	
826	-0.148926	
827	-0.424194	
828	0.385437	
829	-0.299377	
830	0.24292	
831	-0.135803	
832	-0.412903	
833	0.401611	
834	-0.281067	
835	0.244446	
836	-0.149841	
837	-0.417175	
838	0.410156	
839	-0.296326	
840	0.253601	
841	-0.119324	
842	-0.414429	
843	0.39032	
844	-0.305176	
845	0.252991	
846	-0.144043	
847	-0.413208	
848	0.40802	
849	-0.296326	
850	0.232239	
851	-0.147095	
852	-0.418396	
853	0.400391	
854	-0.285645	
855	0.262451	
856	-0.140991	
857	-0.412903	
858	0.397644	
859	-0.306091	
860	0.241089	
861	-0.12146	
862	-0.418091	
863	0.402222	
864	-0.296936	
865	0.255737	
866	-0.149231	
867	-0.419617	
868	0.393982	
869	-0.305786	
870	0.248108	
871	-0.140686	
872	-0.414124	
873	0.408936	
874	-0.286865	
875	0.247803	
876	-0.149841	
877	-0.420227	
878	0.413208	
879	-0.299988	
880	0.25116	
881	-0.119934	
882	-0.419922	
883	0.380554	
884	-0.302124	
885	0.241089	
886	-0.144958	
887	-0.415955	
888	0.421753	
889	-0.298462	
890	0.240784	
891	-0.146484	
892	-0.419006	
893	0.393372	
894	-0.279236	
895	0.261841	
896	-0.143127	
897	-0.413513	
898	0.397949	
899	-0.304871	
900	0.238342	
901	-0.126648	
902	-0.41748	
903	0.400696	
904	-0.292969	
905	0.25238	
906	-0.147095	
907	-0.41626	
908	0.403748	
909	-0.305481	
910	0.243835	
911	-0.139771	
912	-0.410156	
913	0.417786	
914	-0.283203	
915	0.246887	
916	-0.149536	
917	-0.419922	
918	0.418701	
919	-0.298462	
920	0.253601	
921	-0.122375	
922	-0.414429	
923	0.384521	
924	-0.30365	
925	0.240173	
926	-0.1474	
927	-0.41626	
928	0.40863	
929	-0.29541	
930	0.248108	
931	-0.145264	
932	-0.415649	
933	0.393982	
934	-0.282593	
935	0.259399	
936	-0.143127	
937	-0.412598	
938	0.410767	
939	-0.30365	
940	0.238647	
941	-0.133972	
942	-0.421448	
943	0.402222	
944	-0.299072	
945	0.246887	
946	-0.144958	
947	-0.41687	
948	0.397949	
949	-0.304565	
950	0.243835	
951	-0.142212	
952	-0.416565	
953	0.419006	
954	-0.284424	
955	0.249939	
956	-0.149231	
957	-0.421143	
958	0.393677	
959	-0.302734	
960	0.255127	
961	-0.128479	
962	-0.414734	
963	0.394287	
964	-0.302429	
965	0.235596	
966	-0.151367	
967	-0.418701	
968	0.411987	
969	-0.295105	
970	0.252991	
971	-0.145264	
972	-0.41748	
973	0.394897	
974	-0.289917	
975	0.256042	
976	-0.142517	
977	-0.41748	
978	0.405579	
979	-0.298767	
980	0.239868	
981	-0.13916	
982	-0.423889	
983	0.403137	
984	-0.300293	
985	0.240173	
986	-0.144348	
987	-0.415649	
988	0.403442	
989	-0.301208	
990	0.241394	
991	-0.145264	
992	-0.417786	
993	0.403748	
994	-0.286865	
995	0.256653	
996	-0.147095	
997	-0.420837	
998	0.386658	
999	-0.306396	
1000	0.25238	
