Scan	  Chan 1	

1	-0.2948	
2	0.220337	
3	-0.0335693	
4	-0.405273	
5	0.350037	
6	-0.287781	
7	0.220337	
8	-0.0418091	
9	-0.409241	
10	0.351868	
11	-0.290833	
12	0.232849	
13	-0.0326538	
14	-0.394897	
15	0.362854	
16	-0.294495	
17	0.21698	
18	-0.0421143	
19	-0.405273	
20	0.368958	
21	-0.287476	
22	0.231934	
23	-0.0427246	
24	-0.405884	
25	0.329895	
26	-0.294495	
27	0.22583	
28	-0.032959	
29	-0.401306	
30	0.36438	
31	-0.290833	
32	0.217285	
33	-0.0457764	
34	-0.414124	
35	0.354309	
36	-0.289307	
37	0.232544	
38	-0.0332642	
39	-0.40741	
40	0.341492	
41	-0.29541	
42	0.218201	
43	-0.0448608	
44	-0.408325	
45	0.371094	
46	-0.28656	
47	0.227966	
48	-0.0454712	
49	-0.410156	
50	0.359802	
51	-0.292664	
52	0.230713	
53	-0.038147	
54	-0.39856	
55	0.35614	
56	-0.293579	
57	0.216064	
58	-0.0418091	
59	-0.405273	
60	0.366516	
61	-0.289001	
62	0.231934	
63	-0.0408936	
64	-0.406189	
65	0.354004	
66	-0.293884	
67	0.220337	
68	-0.0396729	
69	-0.401306	
70	0.364685	
71	-0.287476	
72	0.220947	
73	-0.0430298	
74	-0.407104	
75	0.36499	
76	-0.289917	
77	0.233154	
78	-0.03479	
79	-0.403137	
80	0.362854	
81	-0.293274	
82	0.218201	
83	-0.0421143	
84	-0.405579	
85	0.36438	
86	-0.286255	
87	0.230103	
88	-0.0405884	
89	-0.406799	
90	0.344238	
91	-0.294189	
92	0.225525	
93	-0.032959	
94	-0.404053	
95	0.348206	
96	-0.289612	
97	0.218201	
98	-0.0418091	
99	-0.411987	
100	0.355835	
101	-0.288086	
102	0.233154	
103	-0.0311279	
104	-0.400391	
105	0.346069	
106	-0.294495	
107	0.218201	
108	-0.0390625	
109	-0.402527	
110	0.357056	
111	-0.286255	
112	0.228882	
113	-0.0463867	
114	-0.410156	
115	0.334778	
116	-0.292664	
117	0.231323	
118	-0.0354004	
119	-0.402832	
120	0.349426	
121	-0.293274	
122	0.216675	
123	-0.0402832	
124	-0.40802	
125	0.348206	
126	-0.287781	
127	0.231934	
128	-0.0320435	
129	-0.401917	
130	0.358582	
131	-0.294495	
132	0.219421	
133	-0.0296021	
134	-0.402527	
135	0.362549	
136	-0.287476	
137	0.220032	
138	-0.0357056	
139	-0.40863	
140	0.350952	
141	-0.289612	
142	0.232849	
143	-0.0296021	
144	-0.402527	
145	0.339355	
146	-0.293274	
147	0.21698	
148	-0.0326538	
149	-0.404053	
150	0.361328	
151	-0.287476	
152	0.230103	
153	-0.0317383	
154	-0.398865	
155	0.333557	
156	-0.294189	
157	0.224609	
158	-0.0244141	
159	-0.404053	
160	0.352783	
161	-0.289917	
162	0.216675	
163	-0.0238037	
164	-0.406799	
165	0.353394	
166	-0.287476	
167	0.231323	
168	-0.0183105	
169	-0.400696	
170	0.338745	
171	-0.294495	
172	0.216675	
173	-0.0210571	
174	-0.401001	
175	0.365601	
176	-0.286865	
177	0.22644	
178	-0.0183105	
179	-0.40863	
180	0.354614	
181	-0.292053	
182	0.228577	
183	-0.00762939	
184	-0.393372	
185	0.366211	
186	-0.290527	
187	0.213623	
188	-0.0161743	
189	-0.408936	
190	0.349121	
191	-0.286865	
192	0.229797	
193	-0.00610352	
194	-0.400391	
195	0.33844	
196	-0.294495	
197	0.216675	
198	-0.00579834	
199	-0.395813	
200	0.37384	
201	-0.285034	
202	0.218506	
203	-0.00549316	
204	-0.400391	
205	0.341797	
206	-0.288086	
207	0.228882	
208	0.00762939	
209	-0.39856	
210	0.350647	
211	-0.292358	
212	0.213623	
213	0.0012207	
214	-0.402527	
215	0.361328	
216	-0.284119	
217	0.226746	
218	0.0109863	
219	-0.405579	
220	0.350342	
221	-0.292664	
222	0.221252	
223	0.0149536	
224	-0.392761	
225	0.36377	
226	-0.287476	
227	0.213623	
228	0.00335693	
229	-0.402527	
230	0.360718	
231	-0.285034	
232	0.227356	
233	0.0164795	
234	-0.391846	
235	0.347595	
236	-0.291748	
237	0.213318	
238	0.0125122	
239	-0.39856	
240	0.360413	
241	-0.284424	
242	0.221558	
243	0.0140381	
244	-0.39856	
245	0.33844	
246	-0.289917	
247	0.225525	
248	0.0228882	
249	-0.39856	
250	0.355835	
251	-0.290222	
252	0.210571	
253	0.0146484	
254	-0.403442	
255	0.355225	
256	-0.284424	
257	0.22583	
258	0.0317383	
259	-0.395203	
260	0.338745	
261	-0.290833	
262	0.211792	
263	0.0289917	
264	-0.39093	
265	0.350952	
266	-0.283508	
267	0.214233	
268	0.0222778	
269	-0.400391	
270	0.338135	
271	-0.285339	
272	0.224609	
273	0.0354004	
274	-0.388184	
275	0.334778	
276	-0.289001	
277	0.209961	
278	0.0256348	
279	-0.392456	
280	0.340576	
281	-0.282593	
282	0.223389	
283	0.0332642	
284	-0.397034	
285	0.332031	
286	-0.289917	
287	0.21698	
288	0.0378418	
289	-0.402527	
290	0.345459	
291	-0.28595	
292	0.209351	
293	0.0366211	
294	-0.403442	
295	0.343018	
296	-0.283203	
297	0.223083	
298	0.0466919	
299	-0.396118	
300	0.342407	
301	-0.289612	
302	0.208435	
303	0.0341797	
304	-0.395813	
305	0.350037	
306	-0.281372	
307	0.219421	
308	0.0378418	
309	-0.39856	
310	0.342712	
311	-0.287781	
312	0.220947	
313	0.0485229	
314	-0.388489	
315	0.341492	
316	-0.287781	
317	0.207214	
318	0.0375366	
319	-0.396118	
320	0.358887	
321	-0.281677	
322	0.221863	
323	0.0494385	
324	-0.401917	
325	0.341797	
326	-0.289001	
327	0.208435	
328	0.0494385	
329	-0.393982	
330	0.353699	
331	-0.281677	
332	0.211792	
333	0.0466919	
334	-0.403748	
335	0.3302	
336	-0.284424	
337	0.220947	
338	0.0537109	
339	-0.398865	
340	0.332336	
341	-0.287781	
342	0.206909	
343	0.0506592	
344	-0.406189	
345	0.352173	
346	-0.281677	
347	0.219421	
348	0.050354	
349	-0.402832	
350	0.328369	
351	-0.289307	
352	0.213318	
353	0.0537109	
354	-0.395813	
355	0.350037	
356	-0.283813	
357	0.206299	
358	0.0497437	
359	-0.401001	
360	0.332642	
361	-0.281372	
362	0.221863	
363	0.0610352	
364	-0.398865	
365	0.344849	
366	-0.288086	
367	0.206299	
368	0.0585938	
369	-0.398865	
370	0.358276	
371	-0.280457	
372	0.214844	
373	0.0588989	
374	-0.406189	
375	0.350037	
376	-0.285645	
377	0.217285	
378	0.0665283	
379	-0.395508	
380	0.355835	
381	-0.286255	
382	0.205078	
383	0.0637817	
384	-0.404968	
385	0.349121	
386	-0.280151	
387	0.219116	
388	0.0735474	
389	-0.401306	
390	0.32959	
391	-0.288696	
392	0.207214	
393	0.0717163	
394	-0.398865	
395	0.357056	
396	-0.279236	
397	0.208435	
398	0.0708008	
399	-0.403442	
400	0.359497	
401	-0.282288	
402	0.218811	
403	0.078125	
404	-0.393982	
405	0.357971	
406	-0.286865	
407	0.202942	
408	0.0790405	
409	-0.402832	
410	0.360718	
411	-0.280151	
412	0.215149	
413	0.0857544	
414	-0.403748	
415	0.336914	
416	-0.286865	
417	0.20874	
418	0.0915527	
419	-0.396423	
420	0.360413	
421	-0.281372	
422	0.202637	
423	0.0872803	
424	-0.407104	
425	0.33905	
426	-0.280457	
427	0.217285	
428	0.0997925	
429	-0.392761	
430	0.334473	
431	-0.286255	
432	0.201721	
433	0.0973511	
434	-0.400085	
435	0.364685	
436	-0.27771	
437	0.211487	
438	0.102234	
439	-0.400696	
440	0.329285	
441	-0.285034	
442	0.212402	
443	0.109863	
444	-0.394287	
445	0.350647	
446	-0.283508	
447	0.198364	
448	0.107117	
449	-0.405884	
450	0.359497	
451	-0.278015	
452	0.213623	
453	0.116272	
454	-0.402527	
455	0.3302	
456	-0.285645	
457	0.2005	
458	0.12146	
459	-0.397339	
460	0.343018	
461	-0.278015	
462	0.205078	
463	0.119324	
464	-0.398254	
465	0.341187	
466	-0.281677	
467	0.212402	
468	0.129089	
469	-0.398865	
470	0.33905	
471	-0.284119	
472	0.197144	
473	0.126953	
474	-0.395813	
475	0.360718	
476	-0.276794	
477	0.211182	
478	0.135803	
479	-0.39917	
480	0.347595	
481	-0.284729	
482	0.203247	
483	0.144653	
484	-0.392151	
485	0.341797	
486	-0.279236	
487	0.195618	
488	0.137634	
489	-0.39917	
490	0.358887	
491	-0.27771	
492	0.209656	
493	0.155945	
494	-0.390015	
495	0.354919	
496	-0.284119	
497	0.194092	
498	0.153503	
499	-0.393372	
500	0.346375	
501	-0.2771	
502	0.205078	
503	0.161438	
504	-0.392456	
505	0.325623	
506	-0.282288	
507	0.205688	
508	0.177612	
509	-0.391541	
510	0.348206	
511	-0.280457	
512	0.192566	
513	0.176086	
514	-0.397034	
515	0.351868	
516	-0.275879	
517	0.208435	
518	0.189514	
519	-0.392456	
520	0.324707	
521	-0.283508	
522	0.194397	
523	0.189209	
524	-0.389709	
525	0.343018	
526	-0.275269	
527	0.197754	
528	0.183411	
529	-0.397339	
530	0.333252	
531	-0.278015	
532	0.206299	
533	0.197754	
534	-0.387573	
535	0.336304	
536	-0.280457	
537	0.191345	
538	0.192871	
539	-0.391846	
540	0.342102	
541	-0.273132	
542	0.203247	
543	0.206909	
544	-0.392151	
545	0.319214	
546	-0.280457	
547	0.196228	
548	0.218201	
549	-0.387573	
550	0.346375	
551	-0.274048	
552	0.190125	
553	0.214844	
554	-0.398254	
555	0.337524	
556	-0.273438	
557	0.203857	
558	0.228271	
559	-0.39093	
560	0.329285	
561	-0.279236	
562	0.188904	
563	0.223083	
564	-0.393372	
565	0.360718	
566	-0.271606	
567	0.19989	
568	0.229797	
569	-0.394287	
570	0.320435	
571	-0.276794	
572	0.19989	
573	0.244751	
574	-0.392456	
575	0.337524	
576	-0.275269	
577	0.188599	
578	0.237122	
579	-0.396423	
580	0.341492	
581	-0.270386	
582	0.201416	
583	0.25177	
584	-0.39032	
585	0.34729	
586	-0.2771	
587	0.188293	
588	0.255432	
589	-0.391541	
590	0.338135	
591	-0.26886	
592	0.192871	
593	0.256958	
594	-0.39917	
595	0.323792	
596	-0.273743	
597	0.202026	
598	0.272217	
599	-0.393066	
600	0.345154	
601	-0.274963	
602	0.185547	
603	0.270996	
604	-0.396118	
605	0.358276	
606	-0.267029	
607	0.199585	
608	0.27832	
609	-0.395203	
610	0.32135	
611	-0.276184	
612	0.192261	
613	0.290222	
614	-0.397034	
615	0.33783	
616	-0.269775	
617	0.186768	
618	0.290222	
619	-0.398254	
620	0.339355	
621	-0.26825	
622	0.198975	
623	0.305481	
624	-0.39093	
625	0.32196	
626	-0.273743	
627	0.185547	
628	0.303955	
629	-0.389709	
630	0.339661	
631	-0.266418	
632	0.194702	
633	0.307922	
634	-0.396729	
635	0.32959	
636	-0.272217	
637	0.195618	
638	0.328369	
639	-0.388794	
640	0.326843	
641	-0.271301	
642	0.184631	
643	0.325317	
644	-0.392456	
645	0.332947	
646	-0.263977	
647	0.197754	
648	0.338745	
649	-0.390015	
650	0.322266	
651	-0.272522	
652	0.184937	
653	0.340881	
654	-0.394592	
655	0.343933	
656	-0.264282	
657	0.187988	
658	0.3479	
659	-0.393066	
660	0.324097	
661	-0.26825	
662	0.197144	
663	0.360413	
664	-0.388184	
665	0.335083	
666	-0.269775	
667	0.181274	
668	0.355225	
669	-0.386353	
670	0.336304	
671	-0.263367	
672	0.195312	
673	0.363464	
674	-0.398254	
675	0.311584	
676	-0.270996	
677	0.187683	
678	0.375061	
679	-0.391541	
680	0.330811	
681	-0.264893	
682	0.183105	
683	0.365601	
684	-0.393066	
685	0.333252	
686	-0.263977	
687	0.194702	
688	0.381165	
689	-0.388794	
690	0.32074	
691	-0.270386	
692	0.180969	
693	0.376282	
694	-0.392151	
695	0.332031	
696	-0.261841	
697	0.19104	
698	0.375671	
699	-0.400085	
700	0.316162	
701	-0.26825	
702	0.191345	
703	0.389404	
704	-0.386963	
705	0.346375	
706	-0.266418	
707	0.179443	
708	0.379028	
709	-0.396118	
710	0.332642	
711	-0.261841	
712	0.191956	
713	0.392151	
714	-0.394592	
715	0.32135	
716	-0.268555	
717	0.179749	
718	0.393372	
719	-0.390015	
720	0.336304	
721	-0.260925	
722	0.184937	
723	0.384827	
724	-0.396729	
725	0.322266	
726	-0.263672	
727	0.192871	
728	0.398865	
729	-0.387878	
730	0.338745	
731	-0.266113	
732	0.178223	
733	0.388794	
734	-0.395813	
735	0.331116	
736	-0.259399	
737	0.191345	
738	0.396729	
739	-0.393372	
740	0.333252	
741	-0.266724	
742	0.180969	
743	0.40741	
744	-0.383911	
745	0.336609	
746	-0.260315	
747	0.177002	
748	0.392151	
749	-0.39978	
750	0.318604	
751	-0.26001	
752	0.191345	
753	0.416565	
754	-0.395203	
755	0.320129	
756	-0.264282	
757	0.176697	
758	0.398865	
759	-0.390625	
760	0.330811	
761	-0.255432	
762	0.187378	
763	0.396118	
764	-0.395203	
765	0.317993	
766	-0.263062	
767	0.187073	
768	0.41748	
769	-0.386047	
770	0.317993	
771	-0.261841	
772	0.175171	
773	0.397644	
774	-0.392151	
775	0.330811	
776	-0.256348	
777	0.189514	
778	0.410461	
779	-0.386963	
780	0.319519	
781	-0.262756	
782	0.176086	
783	0.409241	
784	-0.383911	
785	0.342712	
786	-0.253601	
787	0.181274	
788	0.398254	
789	-0.386353	
790	0.316162	
791	-0.258484	
792	0.186157	
793	0.415344	
794	-0.378723	
795	0.335083	
796	-0.259399	
797	0.172424	
798	0.403137	
799	-0.385742	
800	0.32196	
801	-0.253906	
802	0.186157	
803	0.407104	
804	-0.379639	
805	0.312805	
806	-0.259399	
807	0.177612	
808	0.414734	
809	-0.374451	
810	0.324707	
811	-0.253601	
812	0.174255	
813	0.398865	
814	-0.382385	
815	0.311279	
816	-0.254211	
817	0.186157	
818	0.422974	
819	-0.37323	
820	0.311584	
821	-0.258789	
822	0.172119	
823	0.404663	
824	-0.376282	
825	0.333862	
826	-0.250854	
827	0.183411	
828	0.404968	
829	-0.377808	
830	0.311279	
831	-0.257874	
832	0.18158	
833	0.413208	
834	-0.374451	
835	0.319214	
836	-0.254822	
837	0.169067	
838	0.401917	
839	-0.380249	
840	0.320129	
841	-0.25116	
842	0.184326	
843	0.415649	
844	-0.377808	
845	0.303345	
846	-0.258484	
847	0.169983	
848	0.418091	
849	-0.374451	
850	0.32959	
851	-0.25116	
852	0.177002	
853	0.402527	
854	-0.376892	
855	0.308228	
856	-0.252686	
857	0.181885	
858	0.419617	
859	-0.37384	
860	0.317688	
861	-0.254517	
862	0.169983	
863	0.403442	
864	-0.380249	
865	0.320435	
866	-0.249023	
867	0.180664	
868	0.415039	
869	-0.379639	
870	0.306702	
871	-0.255737	
872	0.172424	
873	0.419006	
874	-0.372925	
875	0.319824	
876	-0.250549	
877	0.169067	
878	0.406799	
879	-0.383911	
880	0.320435	
881	-0.249634	
882	0.18158	
883	0.418701	
884	-0.375977	
885	0.309753	
886	-0.253906	
887	0.168457	
888	0.410156	
889	-0.371399	
890	0.3302	
891	-0.247192	
892	0.178528	
893	0.409546	
894	-0.383606	
895	0.305481	
896	-0.253296	
897	0.176086	
898	0.422363	
899	-0.379639	
900	0.323792	
901	-0.250854	
902	0.164795	
903	0.409241	
904	-0.39032	
905	0.321655	
906	-0.245667	
907	0.179138	
908	0.421448	
909	-0.387573	
910	0.30365	
911	-0.25238	
912	0.166931	
913	0.419006	
914	-0.363159	
915	0.335388	
916	-0.243225	
917	0.171814	
918	0.407715	
919	-0.378418	
920	0.317383	
921	-0.247192	
922	0.177307	
923	0.42572	
924	-0.374451	
925	0.324097	
926	-0.249939	
927	0.164185	
928	0.409241	
929	-0.377808	
930	0.332031	
931	-0.242004	
932	0.176697	
933	0.421448	
934	-0.386353	
935	0.3125	
936	-0.249023	
937	0.167542	
938	0.426331	
939	-0.377502	
940	0.332031	
941	-0.241699	
942	0.163269	
943	0.411377	
944	-0.388184	
945	0.317993	
946	-0.242004	
947	0.175171	
948	0.431824	
949	-0.366211	
950	0.310974	
951	-0.246887	
952	0.161133	
953	0.415039	
954	-0.380554	
955	0.332031	
956	-0.238342	
957	0.172424	
958	0.420837	
959	-0.376892	
960	0.312805	
961	-0.245056	
962	0.171204	
963	0.435181	
964	-0.361328	
965	0.324402	
966	-0.240784	
967	0.158691	
968	0.410156	
969	-0.377808	
970	0.317383	
971	-0.237427	
972	0.172424	
973	0.426331	
974	-0.372009	
975	0.310059	
976	-0.243225	
977	0.160522	
978	0.421448	
979	-0.369568	
980	0.324097	
981	-0.23407	
982	0.166321	
983	0.414124	
984	-0.366821	
985	0.308228	
986	-0.238647	
987	0.171814	
988	0.426941	
989	-0.370178	
990	0.315857	
991	-0.240479	
992	0.15686	
993	0.413818	
994	-0.37262	
995	0.320129	
996	-0.232544	
997	0.170593	
998	0.422363	
999	-0.361938	
1000	0.304871	
